$S PC/LIMS V1
$S Devices V1
$S device PC Control V1
P 3.0	S 2213520755
$E
$S device 841 Titrando V1
P 5.841.0014	S 02102
$S ADC1
ADC 3.770.0110	S 08679
$E
$S MSB1
$S 801
S 06255	
$E
$E
$S MSB4
$S 800
S 06203	
$E
$E
$E
$E
$S Sample data V1
241216_Anoxia_3.1.118		10.0	mL
$E
$S MPL V1
$S Mode 1
1	0.0	6.378	0.00000	0.0	25.0
2	0.2	6.378	0.00200	0.0	25.0
3	0.4	6.378	0.00600	1005.0	25.0
4	0.6	6.378	0.00900	998.6	25.0
5	0.8	6.378	0.01300	1082.1	25.0
6	1.0	6.379	0.01700	1161.4	25.0
7	1.2	6.374	0.02200	1201.6	25.0
8	1.4	6.373	0.02700	1305.7	25.0
9	1.6	6.369	0.03300	1431.0	25.0
10	1.8	6.361	0.04000	1554.0	25.0
11	2.0	6.355	0.04700	1698.3	25.0
12	2.2	6.353	0.05500	1846.8	25.0
13	2.4	6.350	0.06400	2008.8	25.0
14	2.6	6.344	0.07400	2168.3	25.0
15	2.8	6.333	0.08400	2334.7	25.0
16	3.0	6.322	0.09400	2487.2	25.0
17	3.2	6.308	0.10600	2630.5	25.0
18	3.4	6.291	0.11800	2784.4	25.0
19	3.6	6.273	0.13000	2932.5	25.0
20	3.8	6.255	0.14300	3075.6	25.0
21	4.0	6.215	0.15700	3213.7	25.0
22	4.2	6.168	0.17100	3353.7	25.0
23	4.4	6.127	0.18600	3493.8	25.0
24	4.6	6.052	0.20200	3632.3	25.0
25	4.8	5.967	0.21700	3820.3	25.0
26	5.0	5.901	0.23400	4004.6	25.0
27	5.2	5.804	0.25100	4180.2	25.0
28	5.4	5.661	0.26800	4349.6	25.0
29	5.6	5.585	0.28600	4513.0	25.0
30	5.8	5.511	0.30500	4673.3	25.0
31	6.0	5.473	0.32400	4834.9	25.0
32	6.2	5.438	0.34300	4992.9	25.0
33	6.4	5.352	0.36300	5149.0	25.0
34	6.6	5.205	0.38400	5302.2	25.0
35	6.8	5.091	0.40500	5459.5	25.0
36	7.0	5.014	0.42600	5613.3	25.0
37	7.2	4.754	0.43900	5764.8	25.0
38	7.4	4.438	0.44200	5767.1	25.0
39	7.6	4.154	0.44400	5588.5	25.0
40	7.8	3.957	0.44400	5258.1	25.0
41	8.0	3.935	0.44400	5162.3	25.0
42	8.2	3.908	0.44500	5075.3	25.0
43	8.4	3.841	0.44500	4678.4	25.0
44	8.6	3.751	0.44500	4599.3	25.0
45	8.8	3.693	0.44500	4522.9	25.0
46	9.0	3.642	0.44500	4448.9	25.0
47	9.2	3.608	0.44500	4377.4	25.0
48	9.4	3.571	0.44500	4308.1	25.0
49	9.6	3.564	0.44500	4240.9	25.0
50	9.8	3.566	0.44500	4175.8	25.0
51	10.0	3.556	0.44500	4112.7	25.0
52	10.2	3.560	0.44500	4051.5	25.0
53	10.4	3.558	0.44500	3992.1	25.0
54	10.6	3.551	0.44500	3934.4	25.0
55	10.8	3.549	0.44500	3878.3	25.0
56	11.0	3.547	0.44600	3823.8	25.0
57	11.2	3.552	0.44600	3027.9	25.0
58	11.4	3.556	0.44600	2993.0	25.0
59	11.6	3.559	0.44600	2958.9	25.0
60	11.8	3.558	0.44600	2925.6	25.0
61	12.0	3.555	0.44600	2893.0	25.0
62	12.2	3.551	0.44700	2864.4	25.0
63	12.4	3.550	0.44700	2275.4	25.0
64	12.6	3.551	0.44700	2254.5	25.0
65	12.8	3.553	0.44700	2234.1	25.0
66	13.0	3.560	0.44800	2214.0	25.0
67	13.2	3.559	0.44800	1781.8	25.0
68	13.4	3.541	0.44800	1768.3	25.0
69	13.6	3.538	0.44800	1754.9	25.0
70	13.8	3.540	0.44900	1741.7	25.0
71	14.0	3.544	0.44900	1420.0	25.0
72	14.2	3.549	0.44900	1410.8	25.0
73	14.4	3.550	0.45000	1401.7	25.0
74	14.6	3.548	0.45000	1158.1	25.0
75	14.8	3.551	0.45000	1151.5	25.0
76	15.0	3.552	0.45100	1146.6	25.0
77	15.2	3.554	0.45100	957.1	25.0
78	15.4	3.557	0.45200	952.2	25.0
79	15.6	3.559	0.45200	801.4	25.0
80	15.8	3.553	0.45300	797.6	25.0
81	16.0	3.548	0.45300	675.1	25.0
82	16.2	3.543	0.45400	672.1	25.0
83	16.4	3.540	0.45400	570.5	25.0
84	16.6	3.538	0.45500	568.1	25.0
85	16.8	3.535	0.45500	482.5	25.0
86	17.0	3.535	0.45600	481.8	25.0
87	17.2	3.535	0.45700	407.7	25.0
88	17.4	3.536	0.45700	345.1	25.0
89	17.6	3.536	0.45800	344.9	25.0
90	17.8	3.536	0.45900	290.4	25.0
91	18.0	3.532	0.46000	241.7	25.0
92	18.2	3.530	0.46100	200.1	25.0
93	18.4	3.530	0.46200	163.6	25.0
94	18.6	3.523	0.46300	131.2	25.0
95	18.8	3.515	0.46400	102.8	25.0
96	19.0	3.509	0.46500	78.2	25.0
97	19.2	3.499	0.46600	56.8	25.0
98	19.4	3.494	0.46700	39.0	25.0
99	19.6	3.492	0.46800	25.6	25.0
100	19.8	3.487	0.47000	14.4	25.0
101	20.0	3.478	0.47100	1.5	25.0
102	20.2	3.478	0.47200	2.5	25.0
103	20.4	3.466	0.47400	6.8	25.0
104	20.6	3.461	0.47500	30.5	25.0
105	20.8	3.460	0.47600	51.7	25.0
106	21.0	3.451	0.47800	80.1	25.0
107	21.2	3.436	0.47900	161.5	25.0
108	21.4	3.439	0.48000	216.6	25.0
109	21.6	3.388	0.48100	281.4	25.0
110	21.8	3.383	0.48100	352.4	25.0
111	22.0	3.384	0.48200	351.7	25.0
112	22.2	3.389	0.48300	417.9	25.0
113	22.4	3.382	0.48300	475.9	25.0
114	22.6	3.353	0.48400	468.9	25.0
115	22.8	3.360	0.48400	496.9	25.0
116	23.0	3.355	0.48500	489.3	25.0
117	23.2	3.356	0.48500	496.8	25.0
118	23.4	3.355	0.48600	489.2	25.0
119	23.6	3.355	0.48600	474.7	25.0
120	23.8	3.354	0.48700	467.8	25.0
121	24.0	3.355	0.48700	437.1	25.0
122	24.2	3.350	0.48800	435.3	25.0
123	24.4	3.347	0.48800	392.8	25.0
124	24.6	3.336	0.48900	391.7	25.0
125	24.8	3.317	0.49000	344.9	25.0
126	25.0	3.309	0.49100	305.2	25.0
127	25.2	3.313	0.49100	284.8	25.0
128	25.4	3.317	0.49200	285.0	25.0
129	25.6	3.317	0.49300	269.0	25.0
130	25.8	3.314	0.49400	256.9	25.0
131	26.0	3.314	0.49500	245.5	25.0
132	26.2	3.316	0.49600	237.6	25.0
133	26.4	3.318	0.49700	231.4	25.0
134	26.6	3.318	0.49800	228.8	25.0
135	26.8	3.316	0.49900	225.9	25.0
136	27.0	3.314	0.50000	224.0	25.0
137	27.2	3.310	0.50200	223.0	25.0
138	27.4	3.293	0.50300	223.5	25.0
139	27.6	3.282	0.50500	227.6	25.0
140	27.8	3.283	0.50600	234.8	25.0
141	28.0	3.276	0.50800	242.1	25.0
142	28.2	3.274	0.50900	255.9	25.0
143	28.4	3.272	0.51000	264.2	25.0
144	28.6	3.265	0.51000	273.0	25.0
145	28.8	3.259	0.51100	273.3	25.0
146	29.0	3.254	0.51200	278.8	25.0
147	29.2	3.235	0.51200	286.3	25.0
148	29.4	3.233	0.51300	283.8	25.0
149	29.6	3.236	0.51300	288.7	25.0
150	29.8	3.229	0.51400	286.1	25.0
151	30.0	3.217	0.51400	289.1	25.0
152	30.2	3.210	0.51500	286.5	25.0
153	30.4	3.211	0.51500	287.0	25.0
154	30.6	3.209	0.51600	284.4	25.0
155	30.8	3.209	0.51600	283.2	25.0
156	31.0	3.203	0.51700	280.7	25.0
157	31.2	3.195	0.51700	277.5	25.0
158	31.4	3.189	0.51800	277.7	25.0
159	31.6	3.187	0.51900	271.7	25.0
160	31.8	3.187	0.51900	267.5	25.0
161	32.0	3.185	0.52000	265.3	25.0
162	32.2	3.184	0.52100	259.6	25.0
163	32.4	3.187	0.52100	254.7	25.0
164	32.6	3.183	0.52200	255.1	25.0
165	32.8	3.181	0.52300	247.7	25.0
166	33.0	3.179	0.52400	242.1	25.0
167	33.2	3.169	0.52500	237.1	25.0
168	33.4	3.167	0.52600	232.5	25.0
169	33.6	3.166	0.52700	228.3	25.0
170	33.8	3.165	0.52800	224.6	25.0
171	34.0	3.169	0.52900	221.4	25.0
172	34.2	3.169	0.53000	219.0	25.0
173	34.4	3.165	0.53100	217.4	25.0
174	34.6	3.153	0.53200	218.7	25.0
175	34.8	3.142	0.53400	219.5	25.0
176	35.0	3.129	0.53400	223.2	25.0
177	35.2	3.125	0.53500	223.7	25.0
178	35.4	3.130	0.53600	224.5	25.0
179	35.6	3.134	0.53600	227.0	25.0
180	35.8	3.129	0.53700	225.4	25.0
181	36.0	3.128	0.53700	227.2	25.0
182	36.2	3.129	0.53800	227.7	25.0
183	36.4	3.121	0.53800	227.2	25.0
184	36.6	3.100	0.53900	227.7	25.0
185	36.8	3.101	0.54000	226.3	25.0
186	37.0	3.104	0.54000	227.4	25.0
187	37.2	3.105	0.54100	225.8	25.0
188	37.4	3.106	0.54100	226.1	25.0
189	37.6	3.105	0.54200	226.6	25.0
190	37.8	3.096	0.54300	225.0	25.0
191	38.0	3.093	0.54300	225.3	25.0
192	38.2	3.093	0.54400	225.8	25.0
193	38.4	3.089	0.54500	224.1	25.0
194	38.6	3.088	0.54500	224.5	25.0
195	38.8	3.089	0.54600	225.0	25.0
196	39.0	3.083	0.54700	225.6	25.0
197	39.2	3.085	0.54800	226.5	25.0
198	39.4	3.088	0.54900	228.1	25.0
199	39.6	3.089	0.55000	227.8	25.0
200	39.8	3.080	0.55100	231.0	25.0
201	40.0	3.079	0.55200	233.2	25.0
202	40.2	3.080	0.55300	235.1	25.0
203	40.4	3.078	0.55500	236.6	25.0
204	40.6	3.073	0.55600	239.2	25.0
205	40.8	3.066	0.55700	240.8	25.0
206	41.0	3.071	0.55900	244.5	25.0
207	41.2	3.067	0.56000	250.5	25.0
208	41.4	3.064	0.56200	256.9	25.0
209	41.6	3.056	0.56300	269.1	25.0
210	41.8	3.045	0.56400	276.2	25.0
211	42.0	3.045	0.56500	283.5	25.0
212	42.2	3.049	0.56500	291.6	25.0
213	42.4	3.048	0.56600	291.7	25.0
214	42.6	3.038	0.56700	295.5	25.0
215	42.8	3.033	0.56700	301.0	25.0
216	43.0	3.036	0.56800	298.2	25.0
217	43.2	3.026	0.56800	301.6	25.0
218	43.4	3.024	0.56900	301.6	25.0
219	43.6	3.020	0.57000	300.8	25.0
220	43.8	3.016	0.57000	301.5	25.0
221	44.0	3.011	0.57000	298.7	25.0
222	44.2	3.008	0.57000	295.9	25.0
223	44.4	3.008	0.57000	293.2	25.0
224	44.6	3.007	0.57000	290.6	25.0
225	44.8	3.004	0.57000	287.9	25.0
226	45.0	3.005	0.57000	285.4	25.0
227	45.2	3.006	0.57000	282.9	25.0
228	45.4	3.003	0.57000	280.4	25.0
229	45.6	3.001	0.57000	277.9	25.0
230	45.8	3.003	0.57000	275.6	25.0
231	46.0	3.004	0.57000	273.2	25.0
232	46.2	3.003	0.57100	273.4	25.0
233	46.4	3.001	0.57200	249.8	25.0
234	46.6	2.999	0.57200	232.9	25.0
235	46.8	2.998	0.57300	233.4	25.0
236	47.0	2.998	0.57300	217.7	25.0
237	47.2	2.999	0.57300	216.2	25.0
238	47.4	2.999	0.57300	214.8	25.0
239	47.6	2.997	0.57300	213.4	25.0
240	47.8	2.996	0.57300	211.9	25.0
241	48.0	2.992	0.57300	210.6	25.0
242	48.2	2.991	0.57300	209.2	25.0
243	48.4	2.989	0.57300	207.8	25.0
244	48.6	2.984	0.57300	206.5	25.0
245	48.8	2.986	0.57300	205.2	25.0
246	49.0	2.988	0.57300	203.9	25.0
247	49.2	2.987	0.57300	202.6	25.0
248	49.4	2.988	0.57300	201.3	25.0
249	49.6	2.989	0.57300	200.0	25.0
250	49.8	2.989	0.57300	198.8	25.0
251	50.0	2.988	0.57300	197.6	25.0
252	50.2	2.989	0.57300	196.4	25.0
253	50.4	2.989	0.57300	195.2	25.0
254	50.6	2.989	0.57300	194.0	25.0
255	50.8	2.989	0.57300	192.8	25.0
256	51.0	2.989	0.57300	191.7	25.0
257	51.2	2.990	0.57300	190.5	25.0
258	51.4	2.989	0.57300	189.4	25.0
259	51.6	2.989	0.57300	188.3	25.0
260	51.8	2.989	0.57300	187.2	25.0
261	52.0	2.989	0.57300	186.1	25.0
262	52.2	2.988	0.57300	185.0	25.0
263	52.4	2.989	0.57300	184.0	25.0
264	52.6	2.989	0.57300	182.9	25.0
265	52.8	2.989	0.57300	181.9	25.0
266	53.0	2.989	0.57300	180.8	25.0
267	53.2	2.989	0.57300	179.8	25.0
268	53.4	2.989	0.57300	178.8	25.0
269	53.6	2.989	0.57300	177.8	25.0
270	53.8	2.988	0.57300	174.7	25.0
271	54.0	2.988	0.57300	168.8	25.0
272	54.2	2.988	0.57300	161.3	25.0
273	54.4	2.988	0.57300	151.8	25.0
274	54.6	2.988	0.57300	141.6	25.0
275	54.8	2.989	0.57300	131.1	25.0
276	55.0	2.989	0.57300	120.6	25.0
277	55.2	2.989	0.57300	110.3	25.0
278	55.4	2.989	0.57300	100.2	25.0
279	55.6	2.989	0.57300	90.5	25.0
280	55.8	2.989	0.57300	80.9	25.0
281	56.0	2.989	0.57300	71.7	25.0
282	56.2	2.989	0.57300	62.8	25.0
283	56.4	2.989	0.57300	54.3	25.0
284	56.6	2.989	0.57300	46.3	25.0
285	56.8	2.989	0.57300	38.7	25.0
286	57.0	2.989	0.57300	31.6	25.0
287	57.2	2.989	0.57300	24.7	25.0
288	57.4	2.989	0.57300	18.1	25.0
289	57.6	2.989	0.57300	11.9	25.0
290	57.8	2.989	0.57300	8.8	25.0
291	58.0	2.989	0.57300	8.6	25.0
292	58.2	2.989	0.57300	8.5	25.0
293	58.4	2.989	0.57300	8.4	25.0
294	58.6	2.988	0.57300	8.2	25.0
295	58.7	2.989	0.57300	8.1	25.0
$E
$E
$S DETERM V1
$S Props V1.1
Total_Alkalinity	modified	241216_Anoxia_3.-20241216-111023	2024-12-16 11:10:23+08:00	original	Regular without errors	23609731_Luka	10																												
$E
$S Results V1
$S Result 1C.R1 V1
Initial pH	6.3343		0
$E
$S Result 1C.R2 V1
AcidConc	0.1000	mol/L	0
$E
$E
$S Mode 1 V1
$S EP V1
0.5730	2.989		58.7	25.0
$E
$S Cal V1
$E
$E
$S Other Variables V1
$S System V1
287.0	10	7909	0			0		0
$E
$S Mode 1 V1.1
0.1	0.1	0.5730	279.1	0.0000	6.334	25.0	6.378	25.0	220.4	2.989	25.0				6.825	99.6		295			Regular stop
$E
$S Statistic V1
$E
$S ComVar local V1
$E
$S Titrant V1
$S Titrant1 V1
0.1 M HCl	0.1	mol/L	0.1	mol/L		2024-12-07 13:35:33
$E
$E
$S Sensor V1
$S Sensor1 V1.1
pH electrode	99.6	6.825	25.0	(manual)	2024-12-16 09:24:04+08:00	pH Calibration	23609731_Luka
$E
$E
$E
$S Calc Vars V1
$S Calc1 V1
$S R1 V1
MIM	6.334	
$E
$S R2 V1
CONC	0.1	
$E
$E
$E
$S Messages V1
$E
$E
$S Methodproperties V1
Total_Alkalinity	modified	hug164	2020-10-15 09:18:30+08:00	23609731_Luka	2024-12-16 09:34:11+08:00	ver. 5																												
$E
$S Method V1
$S Methodoptions V1.1
off	2	off	Identification 1	Identification 2	on	off	on	10.0	mL	off	0	9999999999	off	30 s	on	Alkalinity method puts out a pclims report to 
card1.  A vba form in excel uses this lims
report to calculate alkalinity. Standardise
HCl titrant against 10ml of Na2CO3 (0.0025M)
and titrate as for samples. Calc. [HCl] mole/L
and enter this value in titrant concn in
pc control / system.	on	off	Card 1		Identification 1	on	on	off	on	on		**************	on
$E
$S 01	SET pH	Set endpoint titration pH
Titrando 1	off	30 s	150 s	0 mL	10 mL/min	10 s	60 s	3.00	optimal	2.000	10.00 mL/min	25.00 µL/min	drift	20 µL/min	10 s	off	optimal	2.000	10.00 mL/min	25.00 µL/min	drift	20 µL/min	10 s	auto	0 s	25.0 °C	0.2 s	100.000 mL	off	maximum	on	1	100.000 mL	1	pH electrode	off	4	0.1 M HCl	1	15	on	off	20 µL/min	off	0.0 µL/min	off	20.0000 mL	off	off
$E
$S 02	CALC	Calculation
$S R1
1	Initial pH	MIM	4		0	off	off	24	on	off	Round	off	0.0	9999999999	Display message	
The following variable is used:

EP1= Endpoint volume	
Please consider the information 
in the note under edit result.
$E
$S R2
2	AcidConc	CONC	4	mol/L	1	off	off	24	on	off	Round	off	invalid	invalid	Display message	
The following variable is used:

EP1= Endpoint volume	
Please consider the information 
in the note under edit result.
$E
$E
$S 03	REPORT	Report
$S Reportoptions V1
on each page	off	on
$E
$S Result report
on	on	off	off	on	off	on	on	on	off
$E
$S Curve
1	off	Time	Volume	blue	none	magenta	on	off	88 %	34 %
$E
$E
$E
$E
