$S PC/LIMS V1
$S Devices V1
$S device PC Control V1
P 3.0	S 2213520755
$E
$S device 841 Titrando V1
P 5.841.0014	S 02102
$S ADC1
ADC 3.770.0110	S 08679
$E
$S MSB1
$S 801
S 06255	
$E
$E
$S MSB3
$S 800
S 06203	S 11160006
$E
$E
$E
$E
$S Sample data V1
240809_Anoxic_V2_7.22		10.0	mL
$E
$S MPL V1
$S Mode 1
1	0.0	4.619	6.00000	0.0	25.0
2	2.0	4.614	6.04000	1353.4	25.0
3	4.0	4.603	6.10700	1936.5	25.0
4	6.0	4.593	6.21600	3056.7	25.0
5	8.0	4.561	6.39400	5025.9	25.0
6	10.0	4.504	6.60700	6572.9	25.0
7	12.0	4.455	6.80100	5899.6	25.0
8	14.0	4.424	6.99100	5678.2	25.0
9	16.0	4.369	7.17000	5422.9	25.0
10	18.0	4.308	7.33400	4987.3	25.0
11	20.0	4.283	7.49100	4680.5	25.0
12	22.0	4.214	7.63700	4455.6	25.0
13	24.0	4.194	7.77300	4069.2	25.0
14	26.0	4.178	7.90600	3996.3	25.0
15	28.0	4.127	8.03200	3839.3	25.0
16	30.0	4.110	8.15200	3596.4	25.0
17	32.0	4.067	8.26800	3530.7	25.0
18	34.0	4.027	8.37600	3262.1	25.0
19	36.0	4.015	8.47900	3084.6	25.0
20	38.0	3.985	8.57900	3011.2	25.0
21	40.0	3.899	8.64300	2247.3	25.0
22	42.0	3.922	8.69100	1167.6	25.0
23	44.0	3.907	8.76700	2174.1	25.0
24	46.0	3.909	8.85100	2593.0	25.0
25	48.0	3.860	8.93100	2452.9	25.0
26	50.0	3.825	9.00800	2302.7	25.0
27	52.0	3.820	9.08000	2157.0	25.0
28	54.0	3.788	9.15000	2104.3	25.0
29	56.0	3.764	9.20400	1796.6	25.0
30	58.0	3.754	9.25900	1448.6	25.0
31	60.0	3.722	9.32100	1926.4	25.0
32	62.0	3.717	9.38000	1766.6	25.0
33	64.0	3.671	9.43600	1709.3	25.0
34	66.0	3.683	9.49100	1648.0	25.0
35	68.0	3.668	9.54500	1628.5	25.0
36	70.0	3.640	9.59700	1564.7	25.0
37	72.0	3.628	9.64600	1480.3	25.0
38	74.0	3.614	9.69400	1448.8	25.0
39	76.0	3.596	9.74100	1397.8	25.0
40	78.0	3.591	9.78500	1351.6	25.0
41	80.0	3.576	9.82900	1324.1	25.0
42	82.0	3.552	9.87200	1285.3	25.0
43	84.0	3.533	9.91200	1204.9	25.0
44	86.0	3.522	9.95100	1165.3	25.0
45	88.0	3.511	9.98800	1120.8	25.0
46	109.9	3.515	10.00000	1117.1	25.0
47	110.0	3.515	10.00200	1110.3	25.0
48	112.0	3.500	10.03900	1088.8	25.0
49	114.0	3.490	10.07500	1113.0	25.0
50	116.0	3.491	10.11100	1074.1	25.0
51	118.0	3.468	10.14600	1055.9	25.0
52	120.0	3.463	10.16900	754.4	25.0
53	122.0	3.452	10.20000	805.4	25.0
54	124.0	3.449	10.23200	1008.6	25.0
55	126.0	3.437	10.26400	962.8	25.0
56	128.0	3.419	10.29500	938.7	25.0
57	130.0	3.418	10.32600	911.9	25.0
58	132.0	3.412	10.35500	893.6	25.0
59	134.0	3.402	10.38500	879.3	25.0
60	136.0	3.391	10.41300	854.3	25.0
61	138.0	3.378	10.44100	843.0	25.0
62	140.0	3.363	10.46400	705.5	25.0
63	142.0	3.372	10.49000	740.5	25.0
64	144.0	3.356	10.51700	825.2	25.0
65	146.0	3.358	10.54400	794.1	25.0
66	148.0	3.350	10.56900	778.6	25.0
67	150.0	3.332	10.59500	766.8	25.0
68	152.0	3.331	10.62000	749.6	25.0
69	154.0	3.323	10.64500	744.7	25.0
70	156.0	3.321	10.66900	725.1	25.0
71	158.0	3.303	10.69300	721.8	25.0
72	160.0	3.295	10.71600	704.6	25.0
73	162.0	3.306	10.73900	699.7	25.0
74	164.0	3.302	10.76300	706.0	25.0
75	166.0	3.295	10.78600	697.5	25.0
76	168.0	3.289	10.80900	688.1	25.0
77	170.0	3.278	10.83100	676.9	25.0
78	172.0	3.275	10.85300	656.5	25.0
79	174.0	3.267	10.87500	657.3	25.0
80	176.0	3.273	10.89700	648.5	25.0
81	178.0	3.260	10.91800	651.0	25.0
82	180.0	3.257	10.93900	631.5	25.0
83	182.0	3.250	10.96000	625.9	25.0
84	184.0	3.247	10.98100	623.8	25.0
85	186.0	3.247	11.00200	623.2	25.0
86	188.0	3.242	11.02200	608.7	25.0
87	190.0	3.235	11.04300	629.2	25.0
88	192.0	3.232	11.06300	608.7	25.0
89	194.0	3.225	11.08300	600.0	25.0
90	196.0	3.225	11.10300	600.0	25.0
91	198.0	3.220	11.12200	569.2	25.0
92	200.0	3.213	11.14200	597.5	25.0
93	202.0	3.211	11.16100	576.0	25.0
94	204.0	3.204	11.18100	587.2	25.0
95	206.0	3.199	11.20000	574.8	25.0
96	208.0	3.199	11.21900	577.1	25.0
97	210.0	3.192	11.23700	572.1	25.0
98	212.0	3.190	11.25600	558.9	25.0
99	214.0	3.186	11.27500	559.7	25.0
100	216.0	3.187	11.29300	553.8	25.0
101	218.0	3.181	11.31100	550.3	25.0
102	220.0	3.177	11.33000	547.6	25.0
103	222.0	3.171	11.34800	544.8	25.0
104	224.0	3.167	11.36600	537.7	25.0
105	226.0	3.164	11.38400	538.6	25.0
106	228.0	3.158	11.40100	539.8	25.0
107	230.0	3.158	11.41900	532.3	25.0
108	232.0	3.157	11.43700	528.6	25.0
109	234.0	3.149	11.45400	527.9	25.0
110	236.0	3.148	11.47200	524.1	25.0
111	238.0	3.142	11.48900	522.3	25.0
112	240.0	3.142	11.50600	520.6	25.0
113	242.0	3.137	11.52400	518.2	25.0
114	244.0	3.138	11.54100	514.3	25.0
115	246.0	3.119	11.55800	512.5	25.0
116	248.0	3.132	11.57500	510.1	25.0
117	250.0	3.128	11.59200	509.9	25.0
118	252.0	3.122	11.60900	505.6	25.0
119	254.0	3.122	11.62600	504.4	25.0
120	256.0	3.117	11.64200	505.8	25.0
121	258.0	3.113	11.65900	500.8	25.0
122	260.0	3.111	11.67600	499.5	25.0
123	262.0	3.111	11.69200	501.7	25.0
124	264.0	3.104	11.70900	495.8	25.0
125	266.0	3.103	11.72500	497.1	25.0
126	268.0	3.101	11.74200	493.8	25.0
127	270.0	3.100	11.75800	495.0	25.0
128	272.0	3.088	11.77500	493.4	25.0
129	274.0	3.092	11.79100	488.1	25.0
130	276.0	3.092	11.80700	491.2	25.0
131	278.0	3.088	11.82400	488.0	25.0
132	280.0	3.085	11.84000	485.5	25.0
133	282.0	3.079	11.85600	485.4	25.0
134	284.0	3.077	11.87200	483.1	25.0
135	286.0	3.073	11.88800	485.2	25.0
136	288.0	3.073	11.90400	483.2	25.0
137	290.0	3.069	11.92000	480.3	25.0
138	292.0	3.070	11.93600	481.5	25.0
139	294.0	3.068	11.95200	481.5	25.0
140	296.0	3.065	11.96800	481.5	25.0
141	298.0	3.061	11.98400	481.5	25.0
142	300.0	3.060	12.00000	481.5	25.0
143	302.0	3.059	12.01600	474.0	25.0
144	304.0	3.054	12.03200	477.2	25.0
145	306.0	3.055	12.04800	475.7	25.0
146	308.0	3.051	12.06400	473.9	25.0
147	310.0	3.046	12.08000	473.6	25.0
148	312.0	3.047	12.09500	474.5	25.0
149	314.0	3.037	12.11100	472.1	25.0
150	316.0	3.041	12.12700	473.0	25.0
151	318.0	3.038	12.14300	470.8	25.0
152	320.0	3.037	12.15800	473.3	25.0
153	322.0	3.032	12.17400	470.8	25.0
154	324.0	3.029	12.19000	470.3	25.0
155	326.0	3.028	12.20500	472.5	25.0
156	328.0	3.028	12.22100	469.2	25.0
157	330.0	3.023	12.23700	468.5	25.0
158	332.0	3.021	12.25200	469.9	25.0
159	334.0	3.021	12.26800	468.8	25.0
160	336.0	3.017	12.28400	470.0	25.0
161	338.0	3.016	12.29900	470.2	25.0
162	340.0	3.012	12.31500	469.0	25.0
163	342.0	3.012	12.33100	468.2	25.0
164	344.0	3.005	12.34600	466.8	25.0
165	346.0	3.006	12.36200	467.7	25.0
166	348.0	3.006	12.37700	468.7	25.0
167	350.0	3.004	12.39300	468.0	25.0
168	352.0	3.002	12.40900	468.0	25.0
169	354.0	2.999	12.42200	459.0	25.0
170	356.0	2.999	12.43300	379.4	25.0
171	358.0	2.997	12.43800	314.8	25.0
172	360.0	2.998	12.43800	286.7	25.0
173	362.0	2.998	12.43800	263.1	25.0
174	364.0	2.998	12.43800	243.1	25.0
175	366.0	2.999	12.43900	118.0	25.0
176	368.0	2.997	12.44600	77.7	25.0
177	370.0	2.998	12.44600	75.1	25.0
178	372.0	2.998	12.44600	72.8	25.0
179	374.0	2.997	12.44600	70.6	25.0
180	376.0	2.998	12.44600	42.4	25.0
181	378.0	2.998	12.44600	9.3	25.0
182	378.6	2.998	12.44600	8.7	25.0
$E
$E
$S DETERM V1
$S Props V1.1
Total_Alkalinity	modified	240809_Anoxic_V2-20240809-155520	2024-08-09 15:55:20+08:00	original	Regular without errors	Luka23609731	13																												
$E
$S Results V1
$S Result 1C.R1 V1
Initial pH	6.2479		0
$E
$S Result 1C.R2 V1
AcidConc	0.0120	mol/L	0
$E
$E
$S Mode 1 V1
$S EP V1
12.4460	2.998		378.6	25.0
$E
$S Cal V1
$E
$E
$S Other Variables V1
$S System V1
646.0	13	7700	0			0		0
$E
$S Mode 1 V1.1
0.01	0.01205	12.4460	635.1	6.0000	6.248	25.0	4.619	25.0	256.5	2.998	25.0				6.948	99.8		182			Regular stop
$E
$S Statistic V1
$E
$S ComVar local V1
$E
$S Titrant V1
$S Titrant1 V1
Hydrochloric Acid	0.01205	mol/L	0.01	mol/L		2024-07-19 10:37:14
$E
$E
$S Sensor V1
$S Sensor1 V1.1
pH electrode	99.8	6.948	25.0	(manual)	2024-08-09 12:01:38+08:00	pH Calibration	Luka23609731
$E
$E
$E
$S Calc Vars V1
$S Calc1 V1
$S R1 V1
MIM	6.248	
$E
$S R2 V1
CONC	0.01205	
$E
$E
$E
$S Messages V1
$E
$E
$S Methodproperties V1
Total_Alkalinity	modified	hug164	2020-10-15 09:18:30+08:00	Luka23609731	2024-06-07 12:33:17+08:00	ver. 4																												
$E
$S Method V1
$S Methodoptions V1.1
off	2	off	Identification 1	Identification 2	on	off	on	10.0	mL	off	0	9999999999	off	30 s	on	Alkalinity method puts out a pclims report to 
card1.  A vba form in excel uses this lims
report to calculate alkalinity. Standardise
HCl titrant against 10ml of Na2CO3 (0.0025M)
and titrate as for samples. Calc. [HCl] mole/L
and enter this value in titrant concn in
pc control / system.	on	off	Card 1		Identification 1	on	on	off	on	on		**************	on
$E
$S 01	SET pH	Set endpoint titration pH
Titrando 1	off	30 s	150 s	6 mL	10 mL/min	10 s	60 s	3.00	optimal	2.000	10.00 mL/min	25.00 킠/min	drift	20 킠/min	10 s	off	optimal	2.000	10.00 mL/min	25.00 킠/min	drift	20 킠/min	10 s	auto	0 s	25.0 캜	2.0 s	100.000 mL	off	maximum	on	1	100.000 mL	1	pH electrode	off	3	Hydrochloric Acid	1	15	on	off	20 킠/min	off	0.0 킠/min	off	20.0000 mL	off	off
$E
$S 02	CALC	Calculation
$S R1
1	Initial pH	MIM	4		0	off	off	24	on	off	Round	off	0.0	9999999999	Display message	
The following variable is used:

EP1= Endpoint volume	
Please consider the information 
in the note under edit result.
$E
$S R2
2	AcidConc	CONC	4	mol/L	1	off	off	24	on	off	Round	off	invalid	invalid	Display message	
The following variable is used:

EP1= Endpoint volume	
Please consider the information 
in the note under edit result.
$E
$E
$S 03	REPORT	Report
$S Reportoptions V1
on each page	off	on
$E
$S Result report
on	on	off	off	on	off	on	on	on	off
$E
$S Curve
1	off	Time	Volume	blue	none	magenta	on	off	88 %	34 %
$E
$E
$E
$E
