$S PC/LIMS V1
$S Devices V1
$S device PC Control V1
P 3.0	S 2213520755
$E
$S device 841 Titrando V1
P 5.841.0014	S 02102
$S ADC1
ADC 3.770.0110	S 08679
$E
$S MSB1
$S 801
S 06255	
$E
$E
$S MSB4
$S 800
S 06203	
$E
$E
$E
$E
$S Sample data V1
241216_Anoxia_V2_1.166		10.0	mL
$E
$S MPL V1
$S Mode 1
1	0.0	6.375	2.00000	0.0	25.0
2	0.2	6.375	2.00300	0.0	25.0
3	0.4	6.375	2.00700	1245.0	25.0
4	0.6	6.375	2.01300	1467.9	25.0
5	0.8	6.375	2.01900	1730.4	25.0
6	1.0	6.375	2.02600	1829.8	25.0
7	1.2	6.375	2.03300	1972.1	25.0
8	1.4	6.372	2.04100	2117.0	25.0
9	1.6	6.368	2.05000	2286.2	25.0
10	1.8	6.365	2.06000	2442.2	25.0
11	2.0	6.343	2.07000	2581.6	25.0
12	2.2	6.341	2.08000	2735.9	25.0
13	2.4	6.341	2.09200	2871.8	25.0
14	2.6	6.342	2.10400	3025.5	25.0
15	2.8	6.347	2.11600	3168.7	25.0
16	3.0	6.346	2.12900	3305.1	25.0
17	3.2	6.334	2.14300	3435.0	25.0
18	3.4	6.338	2.15700	3569.4	25.0
19	3.6	6.340	2.17200	3705.1	25.0
20	3.8	6.338	2.18700	3839.3	25.0
21	4.0	6.337	2.20300	3964.5	25.0
22	4.2	6.339	2.22000	4096.6	25.0
23	4.4	6.340	2.23700	4225.3	25.0
24	4.6	6.338	2.25400	4357.1	25.0
25	4.8	6.317	2.27200	4517.1	25.0
26	5.0	6.296	2.29100	4676.1	25.0
27	5.2	6.267	2.31000	4839.3	25.0
28	5.4	6.268	2.32900	4996.6	25.0
29	5.6	6.267	2.34900	5151.9	25.0
30	5.8	6.210	2.37000	5304.3	25.0
31	6.0	6.201	2.39100	5460.6	25.0
32	6.2	6.198	2.41200	5613.3	25.0
33	6.4	6.189	2.43400	5763.7	25.0
34	6.6	6.193	2.45600	5912.4	25.0
35	6.8	6.190	2.47900	6053.3	25.0
36	7.0	6.196	2.50200	6196.3	25.0
37	7.2	6.184	2.52600	6337.3	25.0
38	7.4	6.177	2.55000	6478.8	25.0
39	7.6	6.173	2.57400	6616.6	25.0
40	7.8	6.178	2.59900	6752.8	25.0
41	8.0	6.180	2.62400	6886.2	25.0
42	8.2	6.181	2.65000	7012.9	25.0
43	8.4	6.180	2.67600	7140.0	25.0
44	8.6	6.171	2.70300	7266.0	25.0
45	8.8	6.155	2.72900	7393.2	25.0
46	9.0	6.132	2.75700	7513.6	25.0
47	9.2	6.119	2.78400	7637.5	25.0
48	9.4	6.120	2.81300	7759.3	25.0
49	9.6	6.112	2.84100	7884.1	25.0
50	9.8	6.122	2.87000	8005.0	25.0
51	10.0	6.129	2.89900	8120.0	25.0
52	10.2	6.073	2.92900	8237.7	25.0
53	10.4	6.016	2.95900	8358.7	25.0
54	10.6	6.016	2.98900	8475.5	25.0
55	10.8	6.031	3.02000	8586.3	25.0
56	11.0	6.032	3.05100	8699.1	25.0
57	11.2	5.983	3.08200	8809.0	25.0
58	11.4	5.884	3.11400	8920.7	25.0
59	11.6	5.837	3.14600	9032.9	25.0
60	11.8	5.831	3.17800	9141.3	25.0
61	12.0	5.865	3.21100	9247.0	25.0
62	12.2	5.899	3.24400	9353.6	25.0
63	12.4	5.899	3.27700	9457.1	25.0
64	12.6	5.768	3.31100	9553.9	25.0
65	12.8	5.575	3.34400	9649.0	25.0
66	13.0	5.509	3.37700	9737.6	25.0
67	13.2	5.359	3.41100	9814.1	25.0
68	13.4	5.430	3.44400	9880.2	25.0
69	13.6	5.471	3.47700	9940.3	25.0
70	13.8	5.467	3.51000	9982.7	25.0
71	14.0	5.517	3.54400	10013.0	25.0
72	14.2	5.302	3.57700	10039.4	25.0
73	14.4	5.142	3.61000	10053.1	25.0
74	14.6	5.009	3.64400	10057.7	25.0
75	14.8	4.951	3.66500	10058.1	25.0
76	15.0	5.097	3.67200	9855.4	25.0
77	15.2	5.161	3.68000	9414.1	25.0
78	15.4	5.268	3.68700	8799.1	25.0
79	15.6	5.375	3.69500	8060.0	25.0
80	15.8	5.455	3.70200	7244.5	25.0
81	16.0	5.531	3.71000	6394.3	25.0
82	16.2	5.581	3.71700	5544.1	25.0
83	16.4	5.622	3.72400	4727.3	25.0
84	16.6	5.648	3.73200	3963.9	25.0
85	16.8	5.664	3.73900	3284.9	25.0
86	17.0	5.676	3.74700	2695.3	25.0
87	17.2	5.693	3.75400	2218.7	25.0
88	17.4	5.705	3.76200	1847.3	25.0
89	17.6	5.711	3.76900	1588.9	25.0
90	17.8	5.718	3.77700	1443.1	25.0
91	18.0	5.705	3.78400	1398.5	25.0
92	18.2	5.697	3.79200	1442.7	25.0
93	18.4	5.662	3.79900	1559.3	25.0
94	18.6	5.653	3.80700	1726.6	25.0
95	18.8	5.653	3.81400	1911.1	25.0
96	19.0	5.641	3.82100	2085.2	25.0
97	19.2	5.654	3.82900	2206.4	25.0
98	19.4	5.671	3.83600	2241.3	25.0
99	19.6	5.683	3.84400	2237.2	25.0
100	19.8	5.690	3.85100	2241.2	25.0
101	20.0	5.688	3.85900	2239.4	25.0
102	20.2	5.683	3.86600	2243.8	25.0
103	20.4	5.686	3.87400	2242.0	25.0
104	20.6	5.698	3.88100	2240.5	25.0
105	20.8	5.663	3.88900	2239.2	25.0
106	21.0	5.669	3.89600	2237.9	25.0
107	21.2	5.669	3.90400	2239.7	25.0
108	21.4	5.674	3.91100	2239.0	25.0
109	21.6	5.678	3.91800	2241.0	25.0
110	21.8	5.688	3.92600	2235.2	25.0
111	22.0	5.701	3.93300	2238.0	25.0
112	22.2	5.708	3.94100	2235.3	25.0
113	22.4	5.709	3.94800	2239.2	25.0
114	22.6	5.694	3.95600	2237.3	25.0
115	22.8	5.635	3.96300	2241.6	25.0
116	23.0	5.627	3.97100	2239.8	25.0
117	23.2	5.620	3.97800	2238.5	25.0
118	23.4	5.638	3.98600	2237.5	25.0
119	23.6	5.636	3.99300	2236.6	25.0
120	23.8	5.630	4.00100	2238.8	25.0
121	24.0	5.634	4.00800	2238.6	25.0
122	24.2	5.637	4.01500	2241.3	25.0
123	24.4	5.643	4.02300	2236.2	25.0
124	24.6	5.644	4.03000	2239.8	25.0
125	24.8	5.637	4.03800	2235.3	25.0
126	25.0	5.539	4.04500	2239.2	25.0
127	25.2	5.486	4.05300	2237.3	25.0
128	25.4	5.490	4.06000	2241.6	25.0
129	25.6	5.513	4.06800	2239.8	25.0
130	25.8	5.534	4.07500	2238.5	25.0
131	26.0	5.513	4.08300	2237.5	25.0
132	26.2	5.498	4.09000	2236.6	25.0
133	26.4	5.530	4.09800	2238.8	25.0
134	26.6	5.557	4.10500	2238.6	25.0
135	26.8	5.581	4.11200	2241.3	25.0
136	27.0	5.596	4.12000	2236.2	25.0
137	27.2	5.601	4.12700	2239.8	25.0
138	27.4	5.600	4.13500	2235.3	25.0
139	27.6	5.597	4.14200	2239.2	25.0
140	27.8	5.593	4.15000	2237.3	25.0
141	28.0	5.595	4.15700	2241.6	25.0
142	28.2	5.602	4.16500	2239.8	25.0
143	28.4	5.607	4.17200	2238.5	25.0
144	28.6	5.433	4.18000	2237.5	25.0
145	28.8	5.383	4.18700	2236.6	25.0
146	29.0	5.410	4.19500	2238.8	25.0
147	29.2	5.442	4.20200	2238.6	25.0
148	29.4	5.475	4.21000	2241.3	25.0
149	29.6	5.501	4.21700	2241.2	25.0
150	29.8	5.524	4.22400	2243.7	25.0
151	30.0	5.540	4.23200	2238.2	25.0
152	30.2	5.551	4.23900	2241.1	25.0
153	30.4	5.525	4.24700	2238.3	25.0
154	30.6	5.490	4.25400	2241.9	25.0
155	30.8	5.475	4.26200	2239.5	25.0
156	31.0	5.468	4.26900	2243.2	25.0
157	31.2	5.471	4.27700	2240.6	25.0
158	31.4	5.478	4.28400	2238.2	25.0
159	31.6	5.482	4.29200	2239.2	25.0
160	31.8	5.487	4.29900	2237.9	25.0
161	32.0	5.488	4.30700	2239.7	25.0
162	32.2	5.496	4.31400	2239.0	25.0
163	32.4	5.491	4.32100	2241.0	25.0
164	32.6	5.471	4.32900	2235.2	25.0
165	32.8	5.475	4.33600	2238.0	25.0
166	33.0	5.483	4.34400	2235.3	25.0
167	33.2	5.488	4.35100	2239.2	25.0
168	33.4	5.492	4.35900	2237.3	25.0
169	33.6	5.495	4.36600	2236.0	25.0
170	33.8	5.500	4.37400	2235.4	25.0
171	34.0	5.499	4.38100	2235.2	25.0
172	34.2	5.496	4.38900	2235.2	25.0
173	34.4	5.491	4.39600	2235.1	25.0
174	34.6	5.485	4.40400	2238.1	25.0
175	34.8	5.472	4.41100	2238.6	25.0
176	35.0	5.451	4.41800	2241.9	25.0
177	35.2	5.440	4.42600	2237.3	25.0
178	35.4	5.348	4.43300	2241.3	25.0
179	35.6	5.321	4.44100	2237.2	25.0
180	35.8	5.343	4.44800	2241.2	25.0
181	36.0	5.360	4.45600	2239.4	25.0
182	36.2	5.370	4.46300	2243.8	25.0
183	36.4	5.376	4.47100	2242.0	25.0
184	36.6	5.377	4.47800	2240.5	25.0
185	36.8	5.386	4.48600	2239.2	25.0
186	37.0	5.396	4.49300	2237.9	25.0
187	37.2	5.403	4.50100	2239.7	25.0
188	37.4	5.409	4.50800	2239.0	25.0
189	37.6	5.416	4.51500	2241.0	25.0
190	37.8	5.424	4.52300	2235.2	25.0
191	38.0	5.429	4.53000	2238.0	25.0
192	38.2	5.426	4.53800	2235.3	25.0
193	38.4	5.424	4.54500	2239.2	25.0
194	38.6	5.423	4.55300	2237.3	25.0
195	38.8	5.421	4.56000	2236.0	25.0
196	39.0	5.421	4.56800	2235.4	25.0
197	39.2	5.422	4.57500	2235.2	25.0
198	39.4	5.422	4.58300	2235.2	25.0
199	39.6	5.414	4.59000	2235.1	25.0
200	39.8	5.409	4.59800	2238.1	25.0
201	40.0	5.407	4.60500	2238.6	25.0
202	40.2	5.407	4.61200	2241.9	25.0
203	40.4	5.406	4.62000	2237.3	25.0
204	40.6	5.396	4.62700	2241.3	25.0
205	40.8	5.387	4.63500	2237.2	25.0
206	41.0	5.382	4.64200	2241.2	25.0
207	41.2	5.377	4.65000	2239.4	25.0
208	41.4	5.355	4.65700	2243.8	25.0
209	41.6	5.343	4.66500	2242.0	25.0
210	41.8	5.313	4.67200	2240.5	25.0
211	42.0	5.245	4.68000	2239.2	25.0
212	42.2	5.153	4.68700	2237.9	25.0
213	42.4	5.135	4.69500	2239.7	25.0
214	42.6	5.139	4.70200	2239.0	25.0
215	42.8	5.156	4.70900	2241.0	25.0
216	43.0	5.177	4.71700	2235.2	25.0
217	43.2	5.196	4.72400	2238.0	25.0
218	43.4	5.208	4.73200	2235.3	25.0
219	43.6	5.225	4.73900	2239.2	25.0
220	43.8	5.238	4.74700	2237.3	25.0
221	44.0	5.249	4.75400	2241.6	25.0
222	44.2	5.248	4.76200	2239.8	25.0
223	44.4	5.239	4.76900	2238.5	25.0
224	44.6	5.242	4.77700	2237.5	25.0
225	44.8	5.248	4.78400	2236.6	25.0
226	45.0	5.187	4.79200	2238.8	25.0
227	45.2	5.179	4.79900	2238.6	25.0
228	45.4	5.185	4.80600	2241.3	25.0
229	45.6	5.148	4.81400	2236.2	25.0
230	45.8	5.152	4.82100	2239.8	25.0
231	46.0	5.161	4.82900	2235.3	25.0
232	46.2	5.163	4.83600	2239.2	25.0
233	46.4	5.107	4.84400	2237.3	25.0
234	46.6	5.093	4.85100	2241.6	25.0
235	46.8	5.085	4.85900	2239.8	25.0
236	47.0	5.084	4.86600	2238.5	25.0
237	47.2	5.085	4.87400	2237.5	25.0
238	47.4	5.090	4.88100	2236.6	25.0
239	47.6	5.102	4.88900	2238.8	25.0
240	47.8	5.097	4.89600	2238.6	25.0
241	48.0	5.101	4.90300	2241.3	25.0
242	48.2	5.109	4.91100	2236.2	25.0
243	48.4	5.115	4.91800	2239.8	25.0
244	48.6	5.116	4.92600	2235.3	25.0
245	48.8	5.120	4.93300	2239.2	25.0
246	49.0	5.121	4.94100	2237.3	25.0
247	49.2	5.123	4.94800	2241.6	25.0
248	49.4	5.117	4.95600	2239.8	25.0
249	49.6	5.107	4.96300	2238.5	25.0
250	49.8	5.048	4.97100	2237.5	25.0
251	50.0	4.995	4.97800	2236.6	25.0
252	50.2	4.910	4.99600	2261.1	25.0
253	50.4	4.754	5.01800	2406.1	25.0
254	50.6	4.669	5.03100	2658.2	25.0
255	50.8	4.636	5.03800	2884.8	25.0
256	51.0	4.651	5.04300	3035.7	25.0
257	51.2	4.660	5.04800	3105.4	25.0
258	51.4	4.645	5.05200	3109.6	25.0
259	51.6	4.687	5.05700	3051.8	25.0
260	51.8	4.692	5.06200	2948.8	25.0
261	52.0	4.690	5.06700	2809.6	25.0
262	52.2	4.706	5.07300	2643.8	25.0
263	52.4	4.754	5.07800	2470.2	25.0
264	52.6	4.774	5.08400	2284.5	25.0
265	52.8	4.763	5.09100	2113.4	25.0
266	53.0	4.804	5.09700	1955.6	25.0
267	53.2	4.833	5.10400	1820.2	25.0
268	53.4	4.841	5.11200	1711.1	25.0
269	53.6	4.867	5.11900	1640.5	25.0
270	53.8	4.886	5.12700	1605.1	25.0
271	54.0	4.895	5.13600	1621.4	25.0
272	54.2	4.898	5.14500	1685.5	25.0
273	54.4	4.887	5.15400	1802.4	25.0
274	54.6	4.882	5.16400	1975.3	25.0
275	54.8	4.883	5.17400	2196.1	25.0
276	55.0	4.880	5.18500	2403.1	25.0
277	55.2	4.880	5.19700	2564.7	25.0
278	55.4	4.856	5.20900	2712.8	25.0
279	55.6	4.790	5.22100	2858.6	25.0
280	55.8	4.694	5.23500	3005.9	25.0
281	56.0	4.569	5.24800	3158.4	25.0
282	56.2	4.467	5.25700	3307.4	25.0
283	56.4	4.432	5.26200	3387.5	25.0
284	56.6	4.420	5.26500	3377.8	25.0
285	56.8	4.398	5.26800	3280.0	25.0
286	57.0	4.331	5.27000	3103.1	25.0
287	57.2	4.299	5.27200	2867.4	25.0
288	57.4	4.319	5.27400	2586.0	25.0
289	57.6	4.365	5.27600	2276.6	25.0
290	57.8	4.362	5.27800	1957.0	25.0
291	58.0	4.377	5.28000	1640.3	25.0
292	58.2	4.395	5.28300	1343.6	25.0
293	58.4	4.419	5.28500	1077.9	25.0
294	58.6	4.435	5.28800	843.1	25.0
295	58.8	4.445	5.29000	657.7	25.0
296	59.0	4.448	5.29300	519.1	25.0
297	59.2	4.429	5.29600	428.2	25.0
298	59.4	4.365	5.29900	389.3	25.0
299	59.6	4.334	5.30200	397.9	25.0
300	59.8	4.353	5.30500	452.6	25.0
301	60.0	4.367	5.30900	534.3	25.0
302	60.2	4.391	5.31300	643.5	25.0
303	60.4	4.412	5.31700	763.7	25.0
304	60.6	4.441	5.32100	872.1	25.0
305	60.8	4.463	5.32500	951.6	25.0
306	61.0	4.477	5.33000	1013.2	25.0
307	61.2	4.482	5.33400	1074.4	25.0
308	61.4	4.483	5.33900	1131.2	25.0
309	61.6	4.486	5.34400	1187.7	25.0
310	61.8	4.480	5.35000	1243.7	25.0
311	62.0	4.488	5.35600	1307.8	25.0
312	62.2	4.496	5.36200	1376.3	25.0
313	62.4	4.500	5.36800	1446.4	25.0
314	62.6	4.495	5.37500	1521.5	25.0
315	62.8	4.485	5.38200	1595.7	25.0
316	63.0	4.482	5.38900	1677.1	25.0
317	63.2	4.477	5.39700	1758.9	25.0
318	63.4	4.473	5.40500	1844.8	25.0
319	63.6	4.427	5.41400	1939.0	25.0
320	63.8	4.329	5.42300	2036.7	25.0
321	64.0	4.329	5.43200	2143.9	25.0
322	64.2	4.321	5.44000	2244.6	25.0
323	64.4	4.290	5.44600	2324.5	25.0
324	64.6	4.264	5.45100	2366.2	25.0
325	64.8	4.190	5.45500	2366.5	25.0
326	65.0	4.133	5.45700	2316.0	25.0
327	65.2	4.102	5.46000	2215.6	25.0
328	65.4	4.021	5.46100	2071.9	25.0
329	65.6	3.998	5.46200	1961.7	25.0
330	65.8	3.982	5.46400	1845.9	25.0
331	66.0	3.973	5.46500	1612.6	25.0
332	66.2	3.914	5.46600	1479.7	25.0
333	66.4	3.841	5.46600	1344.5	25.0
334	66.6	3.770	5.46700	1327.6	25.0
335	66.8	3.688	5.46800	1185.9	25.0
336	67.0	3.627	5.46800	1049.8	25.0
337	67.2	3.620	5.46800	1034.4	25.0
338	67.4	3.620	5.46800	1019.5	25.0
339	67.6	3.625	5.46900	1009.3	25.0
340	67.8	3.614	5.46900	863.7	25.0
341	68.0	3.598	5.46900	852.5	25.0
342	68.2	3.593	5.47000	841.5	25.0
343	68.4	3.587	5.47000	708.0	25.0
344	68.6	3.590	5.47000	699.8	25.0
345	68.8	3.585	5.47100	691.8	25.0
346	69.0	3.570	5.47100	577.4	25.0
347	69.2	3.564	5.47100	571.5	25.0
348	69.4	3.552	5.47200	568.7	25.0
349	69.6	3.529	5.47200	472.5	25.0
350	69.8	3.521	5.47300	468.1	25.0
351	70.0	3.523	5.47300	391.6	25.0
352	70.2	3.522	5.47400	388.3	25.0
353	70.4	3.528	5.47400	327.0	25.0
354	70.6	3.533	5.47500	324.5	25.0
355	70.8	3.535	5.47500	275.2	25.0
356	71.0	3.535	5.47600	275.3	25.0
357	71.2	3.533	5.47700	234.3	25.0
358	71.4	3.533	5.47700	203.3	25.0
359	71.6	3.536	5.47800	203.9	25.0
360	71.8	3.544	5.47900	176.8	25.0
361	72.0	3.550	5.47900	157.1	25.0
362	72.2	3.555	5.48000	157.9	25.0
363	72.4	3.558	5.48100	142.9	25.0
364	72.6	3.557	5.48200	131.5	25.0
365	72.8	3.558	5.48300	121.7	25.0
366	73.0	3.562	5.48400	116.6	25.0
367	73.2	3.566	5.48500	114.1	25.0
368	73.4	3.563	5.48600	115.5	25.0
369	73.6	3.557	5.48700	117.7	25.0
370	73.8	3.550	5.48800	122.0	25.0
371	74.0	3.544	5.49000	127.3	25.0
372	74.2	3.538	5.49100	142.5	25.0
373	74.4	3.525	5.49200	153.9	25.0
374	74.6	3.496	5.49400	164.4	25.0
375	74.8	3.459	5.49600	189.3	25.0
376	75.0	3.458	5.49600	217.2	25.0
377	75.2	3.442	5.49700	217.8	25.0
378	75.4	3.390	5.49800	230.5	25.0
379	75.6	3.399	5.49800	245.8	25.0
380	75.8	3.403	5.49800	243.8	25.0
381	76.0	3.408	5.49900	242.0	25.0
382	76.2	3.409	5.49900	253.0	25.0
383	76.4	3.396	5.49900	250.9	25.0
384	76.6	3.384	5.50000	249.0	25.0
385	76.8	3.382	5.50000	256.0	25.0
386	77.0	3.373	5.50000	253.9	25.0
387	77.2	3.370	5.50100	254.3	25.0
388	77.4	3.368	5.50100	255.6	25.0
389	77.6	3.370	5.50200	255.9	25.0
390	77.8	3.369	5.50200	255.8	25.0
391	78.0	3.367	5.50300	253.8	25.0
392	78.2	3.368	5.50300	253.7	25.0
393	78.4	3.357	5.50400	254.1	25.0
394	78.6	3.322	5.50400	250.1	25.0
395	78.8	3.319	5.50500	250.5	25.0
396	79.0	3.322	5.50600	244.9	25.0
397	79.2	3.334	5.50600	241.5	25.0
398	79.4	3.339	5.50700	241.9	25.0
399	79.6	3.345	5.50800	237.8	25.0
400	79.8	3.335	5.50900	231.8	25.0
401	80.0	3.343	5.51000	227.1	25.0
402	80.2	3.350	5.51000	222.4	25.0
403	80.4	3.352	5.51100	223.0	25.0
404	80.6	3.350	5.51200	217.6	25.0
405	80.8	3.344	5.51300	212.5	25.0
406	81.0	3.331	5.51400	207.6	25.0
407	81.2	3.319	5.51500	204.0	25.0
408	81.4	3.314	5.51600	201.7	25.0
409	81.6	3.315	5.51800	200.5	25.0
410	81.8	3.313	5.51900	200.9	25.0
411	82.0	3.306	5.52000	204.8	25.0
412	82.2	3.307	5.52100	208.2	25.0
413	82.4	3.300	5.52200	212.1	25.0
414	82.6	3.297	5.52300	216.6	25.0
415	82.8	3.288	5.52400	221.8	25.0
416	83.0	3.249	5.52500	225.5	25.0
417	83.2	3.242	5.52500	231.5	25.0
418	83.4	3.251	5.52500	229.8	25.0
419	83.6	3.259	5.52600	230.3	25.0
420	83.8	3.249	5.52600	232.2	25.0
421	84.0	3.250	5.52700	230.5	25.0
422	84.2	3.263	5.52700	232.7	25.0
423	84.4	3.273	5.52800	231.0	25.0
424	84.6	3.278	5.52800	232.6	25.0
425	84.8	3.274	5.52900	231.0	25.0
426	85.0	3.272	5.52900	231.8	25.0
427	85.2	3.268	5.53000	232.3	25.0
428	85.4	3.255	5.53100	231.1	25.0
429	85.6	3.258	5.53100	231.7	25.0
430	85.8	3.256	5.53200	232.1	25.0
431	86.0	3.252	5.53300	230.5	25.0
432	86.2	3.233	5.53300	230.9	25.0
433	86.4	3.225	5.53400	231.4	25.0
434	86.6	3.229	5.53500	231.7	25.0
435	86.8	3.228	5.53600	230.1	25.0
436	87.0	3.228	5.53600	230.3	25.0
437	87.2	3.229	5.53700	230.8	25.0
438	87.4	3.240	5.53800	228.1	25.0
439	87.6	3.235	5.53800	227.0	25.0
440	87.8	3.221	5.53900	227.5	25.0
441	88.0	3.218	5.54000	223.5	25.0
442	88.2	3.209	5.54000	220.7	25.0
443	88.4	3.208	5.54100	221.2	25.0
444	88.6	3.217	5.54200	217.4	25.0
445	88.8	3.213	5.54300	211.9	25.0
446	89.0	3.216	5.54400	208.0	25.0
447	89.2	3.226	5.54500	205.3	25.0
448	89.4	3.230	5.54600	203.9	25.0
449	89.6	3.232	5.54700	203.4	25.0
450	89.8	3.234	5.54800	203.6	25.0
451	90.0	3.231	5.54900	204.9	25.0
452	90.2	3.229	5.55000	208.7	25.0
453	90.4	3.216	5.55100	212.1	25.0
454	90.6	3.212	5.55300	216.1	25.0
455	90.8	3.205	5.55400	226.1	25.0
456	91.0	3.205	5.55600	234.9	25.0
457	91.2	3.202	5.55700	251.9	25.0
458	91.4	3.203	5.55900	264.5	25.0
459	91.6	3.202	5.56000	289.6	25.0
460	91.8	3.199	5.56100	306.3	25.0
461	92.0	3.201	5.56200	318.9	25.0
462	92.2	3.197	5.56300	333.0	25.0
463	92.4	3.192	5.56400	345.7	25.0
464	92.6	3.190	5.56400	357.5	25.0
465	92.8	3.185	5.56500	356.9	25.0
466	93.0	3.175	5.56600	364.1	25.0
467	93.2	3.172	5.56700	369.3	25.0
468	93.4	3.178	5.56800	372.0	25.0
469	93.6	3.175	5.56900	371.9	25.0
470	93.8	3.162	5.57000	368.9	25.0
471	94.0	3.152	5.57100	364.0	25.0
472	94.2	3.148	5.57200	356.0	25.0
473	94.4	3.139	5.57200	350.1	25.0
474	94.6	3.139	5.57300	349.6	25.0
475	94.8	3.135	5.57300	339.2	25.0
476	95.0	3.127	5.57400	338.8	25.0
477	95.2	3.124	5.57400	326.5	25.0
478	95.4	3.124	5.57500	323.2	25.0
479	95.6	3.126	5.57500	310.7	25.0
480	95.8	3.131	5.57600	307.7	25.0
481	96.0	3.132	5.57600	294.6	25.0
482	96.2	3.130	5.57700	291.9	25.0
483	96.4	3.127	5.57700	278.8	25.0
484	96.6	3.123	5.57800	276.4	25.0
485	96.8	3.121	5.57800	263.6	25.0
486	97.0	3.101	5.57900	263.9	25.0
487	97.2	3.098	5.58000	250.3	25.0
488	97.4	3.096	5.58000	240.0	25.0
489	97.6	3.089	5.58100	240.5	25.0
490	97.8	3.087	5.58200	229.2	25.0
491	98.0	3.082	5.58200	221.3	25.0
492	98.2	3.083	5.58300	221.8	25.0
493	98.4	3.090	5.58300	213.0	25.0
494	98.6	3.089	5.58400	213.5	25.0
495	98.8	3.090	5.58400	205.2	25.0
496	99.0	3.078	5.58500	205.8	25.0
497	99.2	3.077	5.58600	198.0	25.0
498	99.4	3.084	5.58600	193.2	25.0
499	99.6	3.089	5.58700	192.0	25.0
500	99.8	3.081	5.58700	187.4	25.0
501	100.0	3.081	5.58800	188.1	25.0
502	100.2	3.078	5.58900	184.5	25.0
503	100.4	3.079	5.59000	180.4	25.0
504	100.6	3.081	5.59100	178.5	25.0
505	100.8	3.080	5.59100	177.6	25.0
506	101.0	3.076	5.59200	178.3	25.0
507	101.2	3.074	5.59300	177.9	25.0
508	101.4	3.078	5.59400	178.3	25.0
509	101.6	3.079	5.59500	179.6	25.0
510	101.8	3.070	5.59600	181.5	25.0
511	102.0	3.066	5.59800	184.2	25.0
512	102.2	3.058	5.59900	191.7	25.0
513	102.4	3.061	5.60000	197.0	25.0
514	102.6	3.057	5.60100	204.8	25.0
515	102.8	3.051	5.60200	211.9	25.0
516	103.0	3.029	5.60300	219.7	25.0
517	103.2	3.031	5.60400	225.8	25.0
518	103.4	2.992	5.60400	233.4	25.0
519	103.6	2.965	5.60400	231.7	25.0
520	103.8	2.980	5.60400	230.0	25.0
521	104.0	2.992	5.60400	228.4	25.0
522	104.2	3.004	5.60400	226.8	25.0
523	104.4	3.014	5.60400	225.2	25.0
524	104.6	3.013	5.60400	223.6	25.0
525	104.8	3.004	5.60400	222.1	25.0
526	105.0	2.997	5.60400	220.5	25.0
527	105.2	2.996	5.60400	219.0	25.0
528	105.4	2.991	5.60400	217.5	25.0
529	105.6	2.992	5.60400	216.1	25.0
530	105.8	2.988	5.60400	214.6	25.0
531	106.0	2.976	5.60400	213.2	25.0
532	106.2	2.981	5.60400	211.8	25.0
533	106.4	2.979	5.60400	210.4	25.0
534	106.6	2.993	5.60400	209.0	25.0
535	106.8	2.997	5.60400	207.7	25.0
536	107.0	3.003	5.60400	206.3	25.0
537	107.2	3.008	5.60400	205.0	25.0
538	107.4	3.012	5.60400	203.7	25.0
539	107.6	3.016	5.60500	204.3	25.0
540	107.8	3.019	5.60600	186.3	25.0
541	108.0	3.022	5.60600	173.8	25.0
542	108.2	3.026	5.60700	172.8	25.0
543	108.4	3.025	5.60700	163.0	25.0
544	108.6	3.024	5.60800	163.7	25.0
545	108.8	3.023	5.60900	154.6	25.0
546	109.0	3.023	5.60900	148.6	25.0
547	109.2	3.022	5.61000	149.3	25.0
548	109.4	3.022	5.61100	144.6	25.0
549	109.6	3.021	5.61200	139.9	25.0
550	109.8	3.019	5.61300	137.3	25.0
551	110.0	3.017	5.61400	135.6	25.0
552	110.2	3.005	5.61500	134.6	25.0
553	110.4	3.006	5.61500	134.1	25.0
554	110.6	3.005	5.61500	133.6	25.0
555	110.8	3.000	5.61500	133.0	25.0
556	111.0	2.998	5.61500	132.5	25.0
557	111.2	2.999	5.61500	131.9	25.0
558	111.4	2.997	5.61500	131.4	25.0
559	111.6	2.995	5.61500	130.8	25.0
560	111.8	2.994	5.61500	130.3	25.0
561	112.0	3.000	5.61500	129.8	25.0
562	112.2	3.002	5.61500	129.2	25.0
563	112.4	2.999	5.61500	128.7	25.0
564	112.6	2.989	5.61600	129.4	25.0
565	112.8	2.981	5.61600	123.6	25.0
566	113.0	2.983	5.61600	123.1	25.0
567	113.2	2.988	5.61600	122.7	25.0
568	113.4	2.991	5.61600	122.2	25.0
569	113.6	2.993	5.61600	121.7	25.0
570	113.8	2.992	5.61600	121.3	25.0
571	114.0	2.991	5.61600	120.8	25.0
572	114.2	2.988	5.61600	120.4	25.0
573	114.4	2.994	5.61600	119.9	25.0
574	114.6	2.995	5.61600	119.5	25.0
575	114.8	2.996	5.61600	119.0	25.0
576	115.0	2.997	5.61600	118.6	25.0
577	115.2	2.996	5.61600	118.1	25.0
578	115.4	2.996	5.61600	117.7	25.0
579	115.6	2.996	5.61600	117.3	25.0
580	115.8	2.997	5.61600	116.8	25.0
581	116.0	2.998	5.61600	116.4	25.0
582	116.2	2.999	5.61600	116.0	25.0
583	116.4	2.998	5.61600	115.6	25.0
584	116.6	2.996	5.61600	115.2	25.0
585	116.8	2.993	5.61600	114.8	25.0
586	117.0	2.991	5.61600	114.3	25.0
587	117.2	2.992	5.61600	113.9	25.0
588	117.4	2.993	5.61600	113.5	25.0
589	117.6	2.994	5.61600	113.1	25.0
590	117.8	2.995	5.61600	112.7	25.0
591	118.0	2.994	5.61600	112.3	25.0
592	118.2	2.993	5.61600	111.9	25.0
593	118.4	2.993	5.61600	111.6	25.0
594	118.6	2.992	5.61600	111.2	25.0
595	118.8	2.992	5.61600	110.8	25.0
596	119.0	2.992	5.61600	110.4	25.0
597	119.2	2.992	5.61600	110.0	25.0
598	119.4	2.992	5.61600	109.6	25.0
599	119.6	2.993	5.61600	107.4	25.0
600	119.8	2.993	5.61600	103.0	25.0
601	120.0	2.992	5.61600	98.7	25.0
602	120.2	2.993	5.61600	94.5	25.0
603	120.4	2.992	5.61600	90.3	25.0
604	120.6	2.992	5.61600	86.0	25.0
605	120.8	2.991	5.61600	81.6	25.0
606	121.0	2.992	5.61600	77.5	25.0
607	121.2	2.993	5.61600	73.9	25.0
608	121.4	2.993	5.61600	70.6	25.0
609	121.6	2.993	5.61600	67.6	25.0
610	121.8	2.992	5.61600	65.1	25.0
611	122.0	2.992	5.61600	63.1	25.0
612	122.2	2.993	5.61600	61.1	25.0
613	122.4	2.993	5.61600	57.9	25.0
614	122.6	2.993	5.61600	50.5	25.0
615	122.8	2.993	5.61600	35.3	25.0
616	123.0	2.993	5.61600	26.2	25.0
617	123.2	2.993	5.61600	17.9	25.0
618	123.4	2.994	5.61600	10.8	25.0
619	123.6	2.994	5.61600	7.6	25.0
620	123.8	2.994	5.61600	7.5	25.0
621	124.0	2.994	5.61600	7.4	25.0
622	124.2	2.994	5.61600	7.3	25.0
623	124.4	2.994	5.61600	7.2	25.0
624	124.5	2.994	5.61600	7.1	25.0
$E
$E
$S DETERM V1
$S Props V1.1
Total_Alkalinity	modified	241216_Anoxia_V2-20241216-110046	2024-12-16 11:00:46+08:00	original	Regular without errors	23609731_Luka	9																												
$E
$S Results V1
$S Result 1C.R1 V1
Initial pH	7.7250		0
$E
$S Result 1C.R2 V1
AcidConc	0.1000	mol/L	0
$E
$E
$S Mode 1 V1
$S EP V1
5.6160	2.994		124.5	25.0
$E
$S Cal V1
$E
$E
$S Other Variables V1
$S System V1
373.0	9	7908	0			0		0
$E
$S Mode 1 V1.1
0.1	0.1	5.6160	356.9	2.0000	7.725	25.0	6.375	25.0	232.4	2.994	25.0				6.825	99.6		624			Regular stop
$E
$S Statistic V1
$E
$S ComVar local V1
$E
$S Titrant V1
$S Titrant1 V1
0.1 M HCl	0.1	mol/L	0.1	mol/L		2024-12-07 13:35:33
$E
$E
$S Sensor V1
$S Sensor1 V1.1
pH electrode	99.6	6.825	25.0	(manual)	2024-12-16 09:24:04+08:00	pH Calibration	23609731_Luka
$E
$E
$E
$S Calc Vars V1
$S Calc1 V1
$S R1 V1
MIM	7.725	
$E
$S R2 V1
CONC	0.1	
$E
$E
$E
$S Messages V1
$S Message1 V1.1
1	SET pH	014-002-3-255	Meas. point list overflow	336
$E
$E
$E
$S Methodproperties V1
Total_Alkalinity	modified	hug164	2020-10-15 09:18:30+08:00	23609731_Luka	2024-12-16 09:34:11+08:00	ver. 5																												
$E
$S Method V1
$S Methodoptions V1.1
off	2	off	Identification 1	Identification 2	on	off	on	10.0	mL	off	0	9999999999	off	30 s	on	Alkalinity method puts out a pclims report to 
card1.  A vba form in excel uses this lims
report to calculate alkalinity. Standardise
HCl titrant against 10ml of Na2CO3 (0.0025M)
and titrate as for samples. Calc. [HCl] mole/L
and enter this value in titrant concn in
pc control / system.	on	off	Card 1		Identification 1	on	on	off	on	on		**************	on
$E
$S 01	SET pH	Set endpoint titration pH
Titrando 1	off	30 s	150 s	2 mL	10 mL/min	10 s	60 s	3.00	optimal	2.000	10.00 mL/min	25.00 µL/min	drift	20 µL/min	10 s	off	optimal	2.000	10.00 mL/min	25.00 µL/min	drift	20 µL/min	10 s	auto	0 s	25.0 °C	0.2 s	100.000 mL	off	maximum	on	1	100.000 mL	1	pH electrode	off	4	0.1 M HCl	1	15	on	off	20 µL/min	off	0.0 µL/min	off	20.0000 mL	off	off
$E
$S 02	CALC	Calculation
$S R1
1	Initial pH	MIM	4		0	off	off	24	on	off	Round	off	0.0	9999999999	Display message	
The following variable is used:

EP1= Endpoint volume	
Please consider the information 
in the note under edit result.
$E
$S R2
2	AcidConc	CONC	4	mol/L	1	off	off	24	on	off	Round	off	invalid	invalid	Display message	
The following variable is used:

EP1= Endpoint volume	
Please consider the information 
in the note under edit result.
$E
$E
$S 03	REPORT	Report
$S Reportoptions V1
on each page	off	on
$E
$S Result report
on	on	off	off	on	off	on	on	on	off
$E
$S Curve
1	off	Time	Volume	blue	none	magenta	on	off	88 %	34 %
$E
$E
$E
$E
