$S PC/LIMS V1
$S Devices V1
$S device PC Control V1
P 3.0	S 2213520755
$E
$S device 841 Titrando V1
P 5.841.0014	S 02102
$S ADC1
ADC 3.770.0110	S 08679
$E
$S MSB1
$S 801
S 06255	
$E
$E
$S MSB4
$S 800
S 06203	
$E
$E
$E
$E
$S Sample data V1
241206_Anoxia_V2_1.78		10.0	mL
$E
$S MPL V1
$S Mode 1
1	0.0	5.960	30.00000	0.0	25.0
2	21.3	5.965	30.00100	0.0	25.0
3	22.0	5.965	30.02000	1589.3	25.0
4	24.0	5.959	30.11700	3159.7	25.0
5	26.0	5.945	30.27300	4521.3	25.0
6	28.0	5.926	30.48000	6058.1	25.0
7	30.0	5.895	30.73100	7391.6	25.0
8	32.0	5.883	31.02100	8587.3	25.0
9	34.0	5.860	31.34500	9655.0	25.0
10	36.0	5.855	31.67800	10063.3	25.0
11	38.0	5.811	32.01100	9993.9	25.0
12	40.0	5.790	32.34500	9996.6	25.0
13	42.0	5.795	32.67800	9990.5	25.0
14	44.0	5.803	33.01100	9995.2	25.0
15	46.0	5.751	33.34400	9990.3	25.0
16	48.0	5.674	33.67700	10002.8	25.0
17	50.0	5.719	34.01000	9991.2	25.0
18	52.0	5.671	34.34300	9993.3	25.0
19	54.0	5.708	34.67700	9995.2	25.0
20	56.0	5.700	35.00999	9989.0	25.0
21	58.0	5.687	35.34300	10000.3	25.0
22	60.0	5.620	35.67600	9988.8	25.0
23	62.0	5.639	36.00900	9996.9	25.0
24	64.0	5.606	36.34200	9994.3	25.0
25	66.0	5.549	36.67500	10001.0	25.0
26	68.0	5.371	37.00900	9991.0	25.0
27	70.0	5.403	37.34200	9992.1	25.0
28	72.0	5.447	37.67500	9999.0	25.0
29	74.0	5.524	38.00800	9989.8	25.0
30	76.0	5.492	38.34100	9994.8	25.0
31	78.0	5.429	38.67400	9994.3	25.0
32	80.0	5.363	39.00700	9998.2	25.0
33	82.0	5.354	39.34100	9993.2	25.0
34	84.0	5.250	39.67400	9989.8	25.0
35	86.0	5.212	40.00000	9999.0	25.0
36	107.3	5.515	40.01300	9959.7	25.0
37	108.0	5.515	40.13000	9704.7	25.0
38	110.0	5.312	40.46300	9905.0	25.0
39	112.0	5.350	40.79600	9991.5	25.0
40	114.0	5.330	41.12900	9994.3	25.0
41	116.0	5.290	41.46300	9993.0	25.0
42	118.0	5.314	41.79600	9994.1	25.0
43	120.0	5.238	42.12900	9995.3	25.0
44	122.0	5.181	42.46200	9990.5	25.0
45	124.0	5.152	42.79499	9995.1	25.0
46	126.0	4.896	43.08900	9533.4	25.0
47	128.0	5.079	43.26900	5367.9	25.0
48	130.0	5.169	43.35699	3112.0	25.0
49	132.0	5.203	43.48500	3236.9	25.0
50	134.0	5.222	43.66800	5314.5	25.0
51	136.0	5.194	43.89700	6750.2	25.0
52	138.0	5.139	44.16800	8011.4	25.0
53	140.0	5.077	44.47600	9135.2	25.0
54	142.0	4.966	44.76400	9237.7	25.0
55	144.0	4.883	45.05700	8184.6	25.0
56	146.0	4.912	45.36399	9395.8	25.0
57	148.0	4.704	45.64100	8956.1	25.0
58	150.0	4.873	45.78699	4361.9	25.0
59	152.0	4.816	46.01900	6340.6	25.0
60	154.0	4.680	46.29600	8647.2	25.0
61	156.0	4.750	46.48400	5791.6	25.0
62	158.0	4.778	46.75200	7695.4	25.0
63	160.0	4.745	47.02999	8481.5	25.0
64	162.0	4.785	47.29900	8039.8	25.0
65	164.0	4.593	47.55799	7939.1	25.0
66	166.0	4.514	47.61300	2615.3	25.0
67	168.0	4.604	47.66899	1088.8	25.0
68	170.0	4.642	47.75999	2564.6	25.0
69	172.0	4.687	47.91000	4198.1	25.0
70	174.0	4.391	48.07700	5831.5	25.0
71	176.0	4.500	48.12900	1454.0	25.0
72	178.0	4.481	48.21300	2342.0	25.0
73	180.0	4.464	48.35300	3893.0	25.0
74	182.0	4.265	48.50800	5303.6	25.0
75	184.0	4.449	48.56800	1780.6	25.0
76	186.0	4.507	48.66700	2708.3	25.0
77	188.0	4.471	48.82800	4512.7	25.0
78	190.0	4.309	49.00800	5850.5	25.0
79	192.0	4.289	49.05900	1976.9	25.0
80	194.0	4.316	49.13000	1744.8	25.0
81	196.0	4.256	49.24500	3230.6	25.0
82	198.0	4.197	49.32700	3039.7	25.0
83	200.0	4.196	49.39200	1502.2	25.0
84	202.0	4.124	49.44199	1828.6	25.0
85	204.0	4.203	49.48100	925.3	25.0
86	206.0	4.224	49.54700	1825.1	25.0
87	208.0	4.198	49.65300	2980.2	25.0
88	210.0	4.151	49.78699	4098.0	25.0
89	212.0	4.143	49.87700	2967.5	25.0
90	214.0	4.066	49.98500	2897.9	25.0
91	235.6	4.190	50.00200	3141.7	25.0
92	236.0	4.191	50.01500	3177.7	25.0
93	238.0	4.132	50.10400	2417.4	25.0
94	240.0	4.017	50.16199	2171.1	25.0
95	242.0	3.966	50.21700	1288.6	25.0
96	244.0	3.870	50.29000	2334.7	25.0
97	246.0	3.926	50.32399	1095.6	25.0
98	248.0	3.929	50.37700	1446.8	25.0
99	250.0	3.897	50.45800	2367.9	25.0
100	252.0	3.850	50.50100	1624.5	25.0
101	254.0	3.869	50.54599	1070.8	25.0
102	256.0	3.859	50.61599	2029.9	25.0
103	258.0	3.731	50.67799	2195.3	25.0
104	260.0	3.777	50.69799	654.2	25.0
105	262.0	3.802	50.73000	849.0	25.0
106	264.0	3.724	50.78199	1451.7	25.0
107	266.0	3.773	50.82100	1342.5	25.0
108	268.0	3.722	50.87099	1395.4	25.0
109	270.0	3.710	50.91199	1261.1	25.0
110	272.0	3.693	50.96700	1669.5	25.0
111	274.0	3.684	50.99900	1077.6	25.0
112	276.0	3.725	51.03999	1086.6	25.0
113	278.0	3.610	51.07700	1406.7	25.0
114	280.0	3.669	51.08900	598.4	25.0
115	282.0	3.696	51.10799	394.5	25.0
116	284.0	3.647	51.13900	900.7	25.0
117	286.0	3.684	51.16800	896.1	25.0
118	288.0	3.595	51.21400	1313.5	25.0
119	290.0	3.606	51.22699	900.1	25.0
120	292.0	3.652	51.24200	357.2	25.0
121	294.0	3.637	51.26799	734.3	25.0
122	296.0	3.599	51.30999	1186.0	25.0
123	298.0	3.608	51.34499	1142.8	25.0
124	300.0	3.626	51.39000	1280.7	25.0
125	302.0	3.574	51.42599	1306.0	25.0
126	304.0	3.599	51.44300	544.0	25.0
127	306.0	3.616	51.46999	743.4	25.0
128	308.0	3.583	51.51199	1227.3	25.0
129	310.0	3.580	51.55600	1350.1	25.0
130	312.0	3.577	51.59999	1314.0	25.0
131	314.0	3.538	51.62899	1041.1	25.0
132	316.0	3.558	51.65400	601.5	25.0
133	318.0	3.520	51.69099	1092.1	25.0
134	320.0	3.525	51.70700	719.9	25.0
135	322.0	3.544	51.73100	574.4	25.0
136	324.0	3.525	51.75299	793.5	25.0
137	326.0	3.521	51.77200	507.3	25.0
138	328.0	3.516	51.80500	936.9	25.0
139	330.0	3.502	51.84200	1153.4	25.0
140	332.0	3.503	51.87799	1095.4	25.0
141	334.0	3.490	51.91499	1098.6	25.0
142	336.0	3.480	51.95100	1083.7	25.0
143	338.0	3.462	51.98600	1046.8	25.0
144	340.0	3.483	52.02000	1018.3	25.0
145	342.0	3.453	52.05099	1004.5	25.0
146	344.0	3.419	52.07399	667.5	25.0
147	346.0	3.448	52.09499	638.0	25.0
148	348.0	3.439	52.12600	892.7	25.0
149	350.0	3.420	52.15200	925.4	25.0
150	352.0	3.434	52.16999	523.4	25.0
151	354.0	3.429	52.19699	759.9	25.0
152	356.0	3.439	52.22900	965.5	25.0
153	358.0	3.434	52.25999	946.8	25.0
154	360.0	3.421	52.29100	929.7	25.0
155	362.0	3.416	52.31100	719.3	25.0
156	364.0	3.415	52.33500	578.1	25.0
157	366.0	3.402	52.36399	895.5	25.0
158	368.0	3.382	52.39299	877.5	25.0
159	370.0	3.387	52.41999	840.0	25.0
160	372.0	3.382	52.44799	836.8	25.0
161	374.0	3.384	52.47599	835.9	25.0
162	376.0	3.384	52.50399	839.0	25.0
163	378.0	3.373	52.53199	832.6	25.0
164	380.0	3.359	52.55899	811.4	25.0
165	382.0	3.363	52.58500	786.3	25.0
166	384.0	3.363	52.61200	811.9	25.0
167	386.0	3.362	52.63800	790.3	25.0
168	388.0	3.353	52.66499	787.4	25.0
169	390.0	3.350	52.69099	772.9	25.0
170	392.0	3.337	52.71600	772.9	25.0
171	394.0	3.334	52.74099	755.3	25.0
172	396.0	3.341	52.76600	755.2	25.0
173	398.0	3.339	52.79200	750.2	25.0
174	400.0	3.326	52.81599	743.6	25.0
175	402.0	3.315	52.84100	729.7	25.0
176	404.0	3.315	52.86399	718.9	25.0
177	406.0	3.314	52.88900	719.8	25.0
178	408.0	3.298	52.91199	714.6	25.0
179	410.0	3.310	52.93499	693.8	25.0
180	412.0	3.316	52.95900	711.1	25.0
181	414.0	3.302	52.98299	705.6	25.0
182	416.0	3.288	53.00600	693.1	25.0
183	418.0	3.293	53.02800	679.3	25.0
184	420.0	3.286	53.05099	681.7	25.0
185	422.0	3.290	53.07399	674.2	25.0
186	424.0	3.278	53.09399	657.5	25.0
187	426.0	3.287	53.11200	515.3	25.0
188	428.0	3.291	53.13499	675.7	25.0
189	430.0	3.269	53.15400	650.4	25.0
190	432.0	3.281	53.16999	461.0	25.0
191	434.0	3.270	53.19199	648.0	25.0
192	436.0	3.266	53.21299	654.1	25.0
193	438.0	3.272	53.23499	653.0	25.0
194	440.0	3.261	53.25700	649.4	25.0
195	442.0	3.262	53.27800	642.6	25.0
196	444.0	3.269	53.29900	639.2	25.0
197	446.0	3.267	53.32100	656.1	25.0
198	448.0	3.253	53.34200	639.2	25.0
199	450.0	3.258	53.35999	563.0	25.0
200	452.0	3.250	53.37999	569.0	25.0
201	454.0	3.255	53.40099	634.3	25.0
202	456.0	3.249	53.42199	623.2	25.0
203	458.0	3.245	53.44299	618.9	25.0
204	460.0	3.230	53.46299	613.1	25.0
205	462.0	3.241	53.48399	627.3	25.0
206	464.0	3.232	53.50399	610.9	25.0
207	466.0	3.238	53.52399	600.0	25.0
208	468.0	3.231	53.54499	625.0	25.0
209	470.0	3.231	53.56499	613.1	25.0
210	472.0	3.228	53.58500	600.0	25.0
211	474.0	3.232	53.60500	600.0	25.0
212	476.0	3.223	53.62500	600.0	25.0
213	478.0	3.212	53.64500	600.0	25.0
214	480.0	3.219	53.66399	578.7	25.0
215	482.0	3.210	53.68399	585.1	25.0
216	484.0	3.204	53.70300	585.6	25.0
217	486.0	3.214	53.72300	583.0	25.0
218	488.0	3.215	53.74200	574.1	25.0
219	490.0	3.207	53.76099	582.7	25.0
220	492.0	3.207	53.77999	583.0	25.0
221	494.0	3.200	53.80000	579.1	25.0
222	496.0	3.193	53.81800	573.5	25.0
223	498.0	3.194	53.83699	561.8	25.0
224	500.0	3.196	53.85600	559.4	25.0
225	502.0	3.195	53.87399	567.1	25.0
226	504.0	3.193	53.89299	555.5	25.0
227	506.0	3.198	53.91199	560.1	25.0
228	508.0	3.192	53.93100	565.2	25.0
229	510.0	3.185	53.94899	560.4	25.0
230	512.0	3.187	53.96799	551.0	25.0
231	514.0	3.188	53.98600	551.7	25.0
232	516.0	3.171	54.00500	553.1	25.0
233	518.0	3.177	54.02299	545.7	25.0
234	520.0	3.179	54.04100	545.4	25.0
235	522.0	3.171	54.05899	550.7	25.0
236	524.0	3.172	54.07700	541.9	25.0
237	526.0	3.166	54.09499	545.1	25.0
238	528.0	3.169	54.11300	536.2	25.0
239	530.0	3.167	54.13100	540.2	25.0
240	532.0	3.166	54.14899	539.2	25.0
241	534.0	3.164	54.16700	537.8	25.0
242	536.0	3.162	54.18499	536.2	25.0
243	538.0	3.159	54.20300	528.8	25.0
244	540.0	3.161	54.21999	525.7	25.0
245	542.0	3.160	54.23800	529.7	25.0
246	544.0	3.151	54.25600	530.6	25.0
247	546.0	3.156	54.27299	525.7	25.0
248	548.0	3.143	54.29100	522.8	25.0
249	550.0	3.147	54.30799	523.8	25.0
250	552.0	3.140	54.32500	519.0	25.0
251	554.0	3.140	54.34299	522.3	25.0
252	556.0	3.140	54.35999	520.3	25.0
253	558.0	3.144	54.37700	520.4	25.0
254	560.0	3.144	54.39500	517.9	25.0
255	562.0	3.143	54.41199	520.3	25.0
256	564.0	3.133	54.42899	522.3	25.0
257	566.0	3.139	54.44600	513.6	25.0
258	568.0	3.131	54.46400	512.6	25.0
259	570.0	3.132	54.48100	512.8	25.0
260	572.0	3.135	54.49799	514.4	25.0
261	574.0	3.134	54.51500	510.0	25.0
262	576.0	3.129	54.53199	514.3	25.0
263	578.0	3.123	54.54900	506.8	25.0
264	580.0	3.125	54.56599	505.7	25.0
265	582.0	3.117	54.58300	507.1	25.0
266	584.0	3.119	54.59900	506.0	25.0
267	586.0	3.117	54.61599	504.3	25.0
268	588.0	3.120	54.63300	502.1	25.0
269	590.0	3.119	54.64999	503.0	25.0
270	592.0	3.116	54.66700	504.5	25.0
271	594.0	3.111	54.68299	501.5	25.0
272	596.0	3.116	54.70000	498.4	25.0
273	598.0	3.114	54.71700	500.5	25.0
274	600.0	3.109	54.73299	498.4	25.0
275	602.0	3.109	54.75000	499.1	25.0
276	604.0	3.101	54.76600	498.2	25.0
277	606.0	3.101	54.78300	493.9	25.0
278	608.0	3.110	54.79900	495.5	25.0
279	610.0	3.101	54.81599	493.4	25.0
280	612.0	3.104	54.83199	496.2	25.0
281	614.0	3.103	54.84900	495.0	25.0
282	616.0	3.096	54.86499	491.0	25.0
283	618.0	3.103	54.88200	491.2	25.0
284	620.0	3.101	54.89799	492.0	25.0
285	622.0	3.095	54.91399	492.1	25.0
286	624.0	3.095	54.93100	490.6	25.0
287	626.0	3.088	54.94699	489.7	25.0
288	628.0	3.080	54.96299	490.3	25.0
289	630.0	3.087	54.98000	483.3	25.0
290	632.0	3.089	54.99599	486.4	25.0
291	634.0	3.092	55.01199	488.4	25.0
292	636.0	3.085	55.02800	486.1	25.0
293	638.0	3.086	55.04499	486.9	25.0
294	640.0	3.079	55.06100	483.8	25.0
295	642.0	3.080	55.07700	484.6	25.0
296	644.0	3.082	55.09299	485.6	25.0
297	646.0	3.069	55.10899	484.4	25.0
298	648.0	3.080	55.12500	482.0	25.0
299	650.0	3.079	55.14100	484.2	25.0
300	652.0	3.076	55.15699	484.7	25.0
301	654.0	3.070	55.17300	480.2	25.0
302	656.0	3.071	55.18900	481.5	25.0
303	658.0	3.070	55.20599	484.0	25.0
304	660.0	3.069	55.22200	483.8	25.0
305	662.0	3.053	55.23700	479.1	25.0
306	664.0	3.068	55.25299	476.6	25.0
307	666.0	3.061	55.26900	474.0	25.0
308	668.0	3.064	55.28500	477.2	25.0
309	670.0	3.064	55.30099	480.1	25.0
310	672.0	3.060	55.31699	474.9	25.0
311	674.0	3.058	55.33300	478.1	25.0
312	676.0	3.048	55.34900	475.4	25.0
313	678.0	3.057	55.36499	475.1	25.0
314	680.0	3.054	55.38100	476.8	25.0
315	682.0	3.054	55.39600	476.4	25.0
316	684.0	3.051	55.41199	473.8	25.0
317	686.0	3.058	55.42799	474.1	25.0
318	688.0	3.055	55.44400	476.4	25.0
319	690.0	3.050	55.46000	472.4	25.0
320	692.0	3.049	55.47499	473.4	25.0
321	694.0	3.047	55.49099	473.6	25.0
322	696.0	3.049	55.50700	473.4	25.0
323	698.0	3.043	55.52299	472.5	25.0
324	700.0	3.043	55.53899	471.7	25.0
325	702.0	3.041	55.55399	474.5	25.0
326	704.0	3.042	55.57000	471.2	25.0
327	706.0	3.041	55.58599	470.3	25.0
328	708.0	3.038	55.60199	472.9	25.0
329	710.0	3.039	55.61700	470.3	25.0
330	712.0	3.035	55.63300	471.0	25.0
331	714.0	3.035	55.64899	471.3	25.0
332	716.0	3.039	55.66399	472.4	25.0
333	718.0	3.039	55.68000	471.1	25.0
334	720.0	3.036	55.69600	469.7	25.0
335	722.0	3.035	55.71199	471.5	25.0
336	724.0	3.031	55.72700	469.9	25.0
337	726.0	3.029	55.74300	471.0	25.0
338	728.0	3.028	55.75900	468.8	25.0
339	730.0	3.029	55.77399	469.1	25.0
340	732.0	3.028	55.78999	469.3	25.0
341	734.0	3.024	55.80600	469.2	25.0
342	736.0	3.019	55.82100	467.8	25.0
343	738.0	3.019	55.83699	469.5	25.0
344	740.0	3.018	55.85300	469.2	25.0
345	742.0	3.020	55.86800	467.9	25.0
346	744.0	3.019	55.88400	468.1	25.0
347	746.0	3.013	55.89899	471.0	25.0
348	748.0	3.015	55.91499	467.3	25.0
349	750.0	3.015	55.93100	469.2	25.0
350	752.0	3.014	55.94600	465.8	25.0
351	754.0	3.018	55.96199	469.6	25.0
352	756.0	3.013	55.97800	467.9	25.0
353	758.0	3.011	55.99300	468.1	25.0
354	760.0	3.008	56.00900	468.1	25.0
355	762.0	3.013	56.02399	468.7	25.0
356	764.0	3.010	56.03999	468.0	25.0
357	766.0	3.000	56.05299	460.1	25.0
358	768.0	3.006	56.06800	398.7	25.0
359	770.0	3.005	56.08400	455.6	25.0
360	772.0	3.006	56.09900	468.1	25.0
361	774.0	3.000	56.11499	466.5	25.0
362	776.0	3.002	56.12899	427.8	25.0
363	778.0	2.997	56.13599	410.4	25.0
364	780.0	3.002	56.14700	275.4	25.0
365	782.0	3.001	56.16000	331.1	25.0
366	784.0	2.999	56.16100	313.1	25.0
367	786.0	3.003	56.17099	222.7	25.0
368	788.0	3.000	56.18299	268.6	25.0
369	790.0	3.000	56.19500	372.3	25.0
370	792.0	3.000	56.20100	329.5	25.0
371	794.0	2.997	56.20300	269.3	25.0
372	796.0	3.000	56.20699	181.5	25.0
373	798.0	2.999	56.21899	185.6	25.0
374	800.0	2.998	56.22900	236.4	25.0
375	802.0	2.996	56.22900	230.1	25.0
376	804.0	2.999	56.22900	214.7	25.0
377	806.0	3.000	56.23000	201.2	25.0
378	808.0	2.998	56.23999	129.7	25.0
379	810.0	2.999	56.23999	124.7	25.0
380	812.0	3.000	56.23999	120.0	25.0
381	814.0	2.999	56.24300	99.2	25.0
382	816.0	2.999	56.24300	96.2	25.0
383	818.0	3.000	56.24300	93.4	25.0
384	820.0	2.999	56.25100	65.8	25.0
385	822.0	2.999	56.25100	64.5	25.0
386	824.0	2.999	56.25100	63.2	25.0
387	826.0	2.999	56.25100	62.0	25.0
388	828.0	2.999	56.25100	54.6	25.0
389	830.0	2.999	56.25100	53.5	25.0
390	832.0	3.000	56.25500	26.6	25.0
391	834.0	2.999	56.25600	31.2	25.0
392	836.0	2.999	56.25600	26.9	25.0
393	838.0	2.999	56.25600	23.7	25.0
394	840.0	2.999	56.25600	12.6	25.0
395	841.0	2.999	56.25600	11.1	25.0
$E
$E
$S DETERM V1
$S Props V1.1
Total_Alkalinity	modified	241206_Anoxia_V2-20241206-141829	2024-12-06 14:18:29+08:00	original	Regular without errors	23609731_Luka	18																												
$E
$S Results V1
$S Result 1C.R1 V1
Initial pH	7.7509		0
$E
$S Result 1C.R2 V1
AcidConc	0.0120	mol/L	0
$E
$E
$S Mode 1 V1
$S EP V1
56.2560	2.999		841.0	25.0
$E
$S Cal V1
$E
$E
$S Other Variables V1
$S System V1
1301.0	18	7873	0			0		0
$E
$S Mode 1 V1.1
0.01	0.01202470	56.2560	1284.1	30.0000	7.751	25.0	5.960	25.0	443.0	2.999	25.0				6.838	99.6		395			Regular stop
$E
$S Statistic V1
$E
$S ComVar local V1
$E
$S Titrant V1
$S Titrant1 V1
Hydrochloric Acid	0.01202470	mol/L	0.01	mol/L		2024-07-19 10:37:14
$E
$E
$S Sensor V1
$S Sensor1 V1.1
pH electrode	99.6	6.838	25.0	(manual)	2024-12-06 09:07:00+08:00	pH Calibration	23609731_Luka
$E
$E
$E
$S Calc Vars V1
$S Calc1 V1
$S R1 V1
MIM	7.751	
$E
$S R2 V1
CONC	0.01202470	
$E
$E
$E
$S Messages V1
$E
$E
$S Methodproperties V1
Total_Alkalinity	modified	hug164	2020-10-15 09:18:30+08:00	Luka23609731	2024-06-07 12:33:17+08:00	ver. 4																												
$E
$S Method V1
$S Methodoptions V1.1
off	2	off	Identification 1	Identification 2	on	off	on	10.0	mL	off	0	9999999999	off	30 s	on	Alkalinity method puts out a pclims report to 
card1.  A vba form in excel uses this lims
report to calculate alkalinity. Standardise
HCl titrant against 10ml of Na2CO3 (0.0025M)
and titrate as for samples. Calc. [HCl] mole/L
and enter this value in titrant concn in
pc control / system.	on	off	Card 1		Identification 1	on	on	off	on	on		**************	on
$E
$S 01	SET pH	Set endpoint titration pH
Titrando 1	off	30 s	150 s	30 mL	10 mL/min	10 s	60 s	3.00	optimal	2.000	10.00 mL/min	25.00 µL/min	drift	20 µL/min	10 s	off	optimal	2.000	10.00 mL/min	25.00 µL/min	drift	20 µL/min	10 s	auto	0 s	25.0 °C	2.0 s	100.000 mL	off	maximum	on	1	100.000 mL	1	pH electrode	off	4	Hydrochloric Acid	1	15	on	off	20 µL/min	off	0.0 µL/min	off	20.0000 mL	off	off
$E
$S 02	CALC	Calculation
$S R1
1	Initial pH	MIM	4		0	off	off	24	on	off	Round	off	0.0	9999999999	Display message	
The following variable is used:

EP1= Endpoint volume	
Please consider the information 
in the note under edit result.
$E
$S R2
2	AcidConc	CONC	4	mol/L	1	off	off	24	on	off	Round	off	invalid	invalid	Display message	
The following variable is used:

EP1= Endpoint volume	
Please consider the information 
in the note under edit result.
$E
$E
$S 03	REPORT	Report
$S Reportoptions V1
on each page	off	on
$E
$S Result report
on	on	off	off	on	off	on	on	on	off
$E
$S Curve
1	off	Time	Volume	blue	none	magenta	on	off	88 %	34 %
$E
$E
$E
$E
