$S PC/LIMS V1
$S Devices V1
$S device PC Control V1
P 3.0	S 2213520755
$E
$S device 841 Titrando V1
P 5.841.0014	S 02102
$S ADC1
ADC 3.770.0110	S 08679
$E
$S MSB1
$S 801
S 06255	
$E
$E
$S MSB4
$S 800
S 06203	
$E
$E
$E
$E
$S Sample data V1
250107_Anoxia_3.5.146		10.0	mL
$E
$S MPL V1
$S Mode 1
1	0.0	6.856	0.00000	0.0	25.0
2	0.2	6.856	0.00200	0.0	25.0
3	0.4	6.856	0.00600	1005.0	25.0
4	0.6	6.856	0.00900	998.6	25.0
5	0.8	6.856	0.01300	1082.1	25.0
6	1.0	6.857	0.01700	1161.4	25.0
7	1.2	6.857	0.02200	1201.6	25.0
8	1.4	6.857	0.02700	1305.7	25.0
9	1.6	6.857	0.03300	1431.0	25.0
10	1.8	6.857	0.04000	1554.0	25.0
11	2.0	6.857	0.04700	1698.3	25.0
12	2.2	6.856	0.05500	1846.8	25.0
13	2.4	6.851	0.06400	2008.8	25.0
14	2.6	6.839	0.07400	2168.3	25.0
15	2.8	6.832	0.08400	2334.7	25.0
16	3.0	6.828	0.09400	2487.2	25.0
17	3.2	6.824	0.10600	2630.5	25.0
18	3.4	6.821	0.11800	2784.4	25.0
19	3.6	6.817	0.13000	2932.5	25.0
20	3.8	6.813	0.14300	3075.6	25.0
21	4.0	6.803	0.15700	3213.7	25.0
22	4.2	6.712	0.17100	3353.7	25.0
23	4.4	6.627	0.18600	3493.8	25.0
24	4.6	6.620	0.20100	3632.3	25.0
25	4.8	6.621	0.21700	3815.4	25.0
26	5.0	6.620	0.23400	3995.2	25.0
27	5.2	6.619	0.25100	4173.0	25.0
28	5.4	6.611	0.26800	4344.4	25.0
29	5.6	6.606	0.28600	4509.5	25.0
30	5.8	6.603	0.30500	4671.5	25.0
31	6.0	6.602	0.32400	4834.6	25.0
32	6.2	6.596	0.34300	4993.7	25.0
33	6.4	6.589	0.36300	5150.9	25.0
34	6.6	6.535	0.38400	5305.0	25.0
35	6.8	6.509	0.40400	5462.9	25.0
36	7.0	6.487	0.42600	5612.3	25.0
37	7.2	6.455	0.44800	5765.2	25.0
38	7.4	6.424	0.47000	5913.6	25.0
39	7.6	6.118	0.49300	6055.6	25.0
40	7.8	6.006	0.51600	6199.5	25.0
41	8.0	6.047	0.53900	6341.2	25.0
42	8.2	6.051	0.56300	6472.4	25.0
43	8.4	6.060	0.58800	6607.5	25.0
44	8.6	6.063	0.61300	6741.1	25.0
45	8.8	5.979	0.63800	6872.6	25.0
46	9.0	5.925	0.66400	7003.3	25.0
47	9.2	5.745	0.69000	7133.8	25.0
48	9.4	5.671	0.71600	7262.3	25.0
49	9.6	5.686	0.74300	7389.1	25.0
50	9.8	5.530	0.77100	7512.6	25.0
51	10.0	5.038	0.79800	7636.0	25.0
52	10.2	4.785	0.81500	7756.1	25.0
53	10.4	4.731	0.81800	7691.8	25.0
54	10.6	4.812	0.82100	7395.2	25.0
55	10.8	4.913	0.82400	6913.8	25.0
56	11.0	4.961	0.82700	6302.0	25.0
57	11.2	5.031	0.83900	5602.7	25.0
58	11.4	5.081	0.86800	5019.1	25.0
59	11.6	5.107	0.89700	4662.3	25.0
60	11.8	5.116	0.92600	4501.0	25.0
61	12.0	4.733	0.94900	4517.1	25.0
62	12.2	4.597	0.96300	4579.3	25.0
63	12.4	4.752	0.97500	4615.8	25.0
64	12.6	4.812	0.98700	4626.8	25.0
65	12.8	4.569	0.99900	4627.7	25.0
66	13.0	4.438	1.01200	4626.7	25.0
67	13.2	4.152	1.01800	4616.4	25.0
68	13.4	4.018	1.02000	4525.5	25.0
69	13.6	4.041	1.02100	4337.7	25.0
70	13.8	4.012	1.02100	4144.4	25.0
71	14.0	3.884	1.02200	4070.1	25.0
72	14.2	3.913	1.02200	3785.5	25.0
73	14.4	3.915	1.02200	3721.5	25.0
74	14.6	3.930	1.02200	3659.5	25.0
75	14.8	3.930	1.02300	3604.5	25.0
76	15.0	3.912	1.02300	3215.9	25.0
77	15.2	3.911	1.02300	3167.7	25.0
78	15.4	3.902	1.02400	3125.4	25.0
79	15.6	3.871	1.02400	2727.9	25.0
80	15.8	3.828	1.02500	2691.6	25.0
81	16.0	3.799	1.02500	2329.3	25.0
82	16.2	3.761	1.02500	2301.5	25.0
83	16.4	3.719	1.02600	2277.8	25.0
84	16.6	3.715	1.02600	1955.3	25.0
85	16.8	3.696	1.02700	1937.7	25.0
86	17.0	3.683	1.02700	1661.2	25.0
87	17.2	3.660	1.02800	1648.1	25.0
88	17.4	3.643	1.02900	1407.9	25.0
89	17.6	3.614	1.02900	1201.3	25.0
90	17.8	3.587	1.03000	1191.5	25.0
91	18.0	3.578	1.03000	1007.4	25.0
92	18.2	3.565	1.03100	999.7	25.0
93	18.4	3.562	1.03100	832.8	25.0
94	18.6	3.552	1.03100	826.9	25.0
95	18.8	3.541	1.03200	823.2	25.0
96	19.0	3.534	1.03300	667.0	25.0
97	19.2	3.537	1.03300	534.6	25.0
98	19.4	3.541	1.03400	531.3	25.0
99	19.6	3.527	1.03400	417.5	25.0
100	19.8	3.522	1.03500	416.8	25.0
101	20.0	3.523	1.03600	319.3	25.0
102	20.2	3.514	1.03600	238.1	25.0
103	20.4	3.507	1.03700	238.5	25.0
104	20.6	3.495	1.03800	171.5	25.0
105	20.8	3.491	1.03900	116.1	25.0
106	21.0	3.488	1.04000	73.8	25.0
107	21.2	3.475	1.04100	43.8	25.0
108	21.4	3.461	1.04200	25.4	25.0
109	21.6	3.460	1.04200	20.0	25.0
110	21.8	3.466	1.04300	21.4	25.0
111	22.0	3.465	1.04400	20.8	25.0
112	22.2	3.465	1.04400	25.8	25.0
113	22.4	3.460	1.04500	27.2	25.0
114	22.6	3.456	1.04600	33.2	25.0
115	22.8	3.443	1.04600	43.2	25.0
116	23.0	3.427	1.04700	44.5	25.0
117	23.2	3.408	1.04800	55.4	25.0
118	23.4	3.380	1.04900	67.2	25.0
119	23.6	3.383	1.05000	76.3	25.0
120	23.8	3.394	1.05000	84.4	25.0
121	24.0	3.402	1.05100	85.6	25.0
122	24.2	3.399	1.05200	93.5	25.0
123	24.4	3.394	1.05200	104.0	25.0
124	24.6	3.387	1.05300	105.1	25.0
125	24.8	3.370	1.05400	117.7	25.0
126	25.0	3.364	1.05500	130.5	25.0
127	25.2	3.362	1.05600	146.6	25.0
128	25.4	3.372	1.05700	164.1	25.0
129	25.6	3.370	1.05700	182.6	25.0
130	25.8	3.368	1.05800	183.3	25.0
131	26.0	3.375	1.05900	201.3	25.0
132	26.2	3.378	1.06100	218.5	25.0
133	26.4	3.378	1.06200	244.1	25.0
134	26.6	3.374	1.06300	252.9	25.0
135	26.8	3.369	1.06400	260.1	25.0
136	27.0	3.364	1.06500	268.4	25.0
137	27.2	3.360	1.06700	273.4	25.0
138	27.4	3.358	1.06800	279.5	25.0
139	27.6	3.352	1.07000	285.9	25.0
140	27.8	3.342	1.07100	297.5	25.0
141	28.0	3.318	1.07300	306.8	25.0
142	28.2	3.316	1.07400	325.7	25.0
143	28.4	3.323	1.07500	334.2	25.0
144	28.6	3.322	1.07600	338.8	25.0
145	28.8	3.318	1.07600	344.1	25.0
146	29.0	3.322	1.07700	343.6	25.0
147	29.2	3.321	1.07800	344.4	25.0
148	29.4	3.315	1.07900	345.8	25.0
149	29.6	3.295	1.07900	347.3	25.0
150	29.8	3.274	1.08000	346.8	25.0
151	30.0	3.268	1.08100	346.2	25.0
152	30.2	3.263	1.08100	342.1	25.0
153	30.4	3.261	1.08200	341.7	25.0
154	30.6	3.256	1.08300	334.4	25.0
155	30.8	3.256	1.08300	328.4	25.0
156	31.0	3.251	1.08400	325.1	25.0
157	31.2	3.250	1.08400	316.9	25.0
158	31.4	3.243	1.08500	313.8	25.0
159	31.6	3.240	1.08500	303.7	25.0
160	31.8	3.235	1.08600	300.8	25.0
161	32.0	3.226	1.08600	289.3	25.0
162	32.2	3.227	1.08700	289.4	25.0
163	32.4	3.230	1.08800	275.5	25.0
164	32.6	3.228	1.08800	265.1	25.0
165	32.8	3.227	1.08900	265.4	25.0
166	33.0	3.225	1.09000	253.5	25.0
167	33.2	3.222	1.09000	244.8	25.0
168	33.4	3.220	1.09100	245.3	25.0
169	33.6	3.219	1.09200	237.5	25.0
170	33.8	3.223	1.09300	229.1	25.0
171	34.0	3.223	1.09400	223.2	25.0
172	34.2	3.214	1.09500	218.2	25.0
173	34.4	3.213	1.09600	214.4	25.0
174	34.6	3.213	1.09700	211.6	25.0
175	34.8	3.204	1.09800	209.7	25.0
176	35.0	3.195	1.09900	210.8	25.0
177	35.2	3.186	1.10000	211.1	25.0
178	35.4	3.176	1.10100	212.3	25.0
179	35.6	3.170	1.10200	214.0	25.0
180	35.8	3.166	1.10200	214.2	25.0
181	36.0	3.160	1.10300	214.8	25.0
182	36.2	3.156	1.10300	214.6	25.0
183	36.4	3.156	1.10400	215.2	25.0
184	36.6	3.158	1.10400	214.4	25.0
185	36.8	3.159	1.10500	212.9	25.0
186	37.0	3.158	1.10500	213.0	25.0
187	37.2	3.153	1.10600	211.6	25.0
188	37.4	3.139	1.10600	210.9	25.0
189	37.6	3.134	1.10700	209.5	25.0
190	37.8	3.132	1.10700	208.6	25.0
191	38.0	3.127	1.10800	207.3	25.0
192	38.2	3.125	1.10800	206.2	25.0
193	38.4	3.128	1.10900	206.8	25.0
194	38.6	3.131	1.11000	204.2	25.0
195	38.8	3.132	1.11000	203.8	25.0
196	39.0	3.129	1.11100	204.4	25.0
197	39.2	3.127	1.11200	202.4	25.0
198	39.4	3.127	1.11200	202.4	25.0
199	39.6	3.127	1.11300	203.0	25.0
200	39.8	3.123	1.11400	203.3	25.0
201	40.0	3.118	1.11500	204.2	25.0
202	40.2	3.109	1.11600	205.5	25.0
203	40.4	3.106	1.11700	207.4	25.0
204	40.6	3.104	1.11800	209.6	25.0
205	40.8	3.103	1.11900	211.8	25.0
206	41.0	3.100	1.12000	214.0	25.0
207	41.2	3.097	1.12100	216.2	25.0
208	41.4	3.102	1.12200	218.8	25.0
209	41.6	3.105	1.12300	219.7	25.0
210	41.8	3.106	1.12400	222.3	25.0
211	42.0	3.100	1.12500	224.7	25.0
212	42.2	3.094	1.12500	227.4	25.0
213	42.4	3.093	1.12600	227.9	25.0
214	42.6	3.091	1.12700	229.6	25.0
215	42.8	3.089	1.12800	231.8	25.0
216	43.0	3.084	1.12900	234.1	25.0
217	43.2	3.079	1.13100	237.0	25.0
218	43.4	3.074	1.13200	245.2	25.0
219	43.6	3.069	1.13300	250.6	25.0
220	43.8	3.069	1.13400	256.4	25.0
221	44.0	3.057	1.13400	262.6	25.0
222	44.2	3.049	1.13500	262.9	25.0
223	44.4	3.044	1.13500	266.0	25.0
224	44.6	3.048	1.13600	266.3	25.0
225	44.8	3.045	1.13600	267.7	25.0
226	45.0	3.041	1.13700	268.0	25.0
227	45.2	3.038	1.13700	267.4	25.0
228	45.4	3.038	1.13800	265.2	25.0
229	45.6	3.043	1.13800	264.7	25.0
230	45.8	3.047	1.13900	262.5	25.0
231	46.0	3.040	1.13900	260.5	25.0
232	46.2	3.033	1.14000	260.8	25.0
233	46.4	3.034	1.14000	256.0	25.0
234	46.6	3.034	1.14100	256.3	25.0
235	46.8	3.032	1.14200	250.2	25.0
236	47.0	3.033	1.14300	246.3	25.0
237	47.2	3.029	1.14300	242.8	25.0
238	47.4	3.026	1.14400	243.3	25.0
239	47.6	3.026	1.14500	236.8	25.0
240	47.8	3.026	1.14600	232.2	25.0
241	48.0	3.022	1.14700	227.9	25.0
242	48.2	3.018	1.14800	223.7	25.0
243	48.4	3.022	1.14900	220.4	25.0
244	48.6	3.019	1.15000	217.7	25.0
245	48.8	3.014	1.15100	216.2	25.0
246	49.0	3.012	1.15200	215.4	25.0
247	49.2	3.009	1.15300	215.5	25.0
248	49.4	3.006	1.15400	218.4	25.0
249	49.6	3.006	1.15400	218.5	25.0
250	49.8	3.004	1.15400	217.0	25.0
251	50.0	3.004	1.15400	215.5	25.0
252	50.2	3.002	1.15400	214.1	25.0
253	50.4	2.995	1.15400	212.7	25.0
254	50.6	2.995	1.15400	211.3	25.0
255	50.8	2.994	1.15400	209.9	25.0
256	51.0	2.990	1.15400	208.5	25.0
257	51.2	2.989	1.15400	207.2	25.0
258	51.4	2.987	1.15400	205.8	25.0
259	51.6	2.985	1.15400	204.5	25.0
260	51.8	2.985	1.15400	203.2	25.0
261	52.0	2.985	1.15400	201.9	25.0
262	52.2	2.985	1.15400	200.7	25.0
263	52.4	2.984	1.15400	199.4	25.0
264	52.6	2.982	1.15400	198.2	25.0
265	52.8	2.981	1.15400	197.0	25.0
266	53.0	2.980	1.15400	195.8	25.0
267	53.2	2.980	1.15400	194.6	25.0
268	53.4	2.980	1.15400	193.4	25.0
269	53.6	2.978	1.15400	192.2	25.0
270	53.8	2.977	1.15400	191.1	25.0
271	54.0	2.977	1.15400	190.0	25.0
272	54.2	2.977	1.15400	188.8	25.0
273	54.4	2.977	1.15400	187.7	25.0
274	54.6	2.977	1.15400	186.6	25.0
275	54.8	2.977	1.15400	185.6	25.0
276	55.0	2.977	1.15400	184.5	25.0
277	55.2	2.977	1.15400	183.4	25.0
278	55.4	2.977	1.15400	182.4	25.0
279	55.6	2.978	1.15400	181.4	25.0
280	55.8	2.978	1.15400	180.3	25.0
281	56.0	2.978	1.15400	179.3	25.0
282	56.2	2.978	1.15400	178.3	25.0
283	56.4	2.978	1.15400	175.3	25.0
284	56.6	2.978	1.15400	170.6	25.0
285	56.8	2.976	1.15400	166.3	25.0
286	57.0	2.977	1.15400	161.7	25.0
287	57.2	2.978	1.15400	156.9	25.0
288	57.4	2.978	1.15400	151.8	25.0
289	57.6	2.978	1.15400	146.2	25.0
290	57.8	2.978	1.15400	140.6	25.0
291	58.0	2.978	1.15400	134.9	25.0
292	58.2	2.978	1.15400	129.0	25.0
293	58.4	2.978	1.15400	122.5	25.0
294	58.6	2.978	1.15400	113.8	25.0
295	58.8	2.978	1.15400	102.2	25.0
296	59.0	2.978	1.15400	88.1	25.0
297	59.2	2.978	1.15400	73.6	25.0
298	59.4	2.978	1.15400	59.6	25.0
299	59.6	2.978	1.15400	46.4	25.0
300	59.8	2.978	1.15400	33.9	25.0
301	60.0	2.978	1.15400	22.9	25.0
302	60.2	2.978	1.15400	13.4	25.0
303	60.4	2.978	1.15400	9.2	25.0
304	60.6	2.978	1.15400	9.1	25.0
305	60.8	2.978	1.15400	8.9	25.0
306	61.0	2.978	1.15400	8.8	25.0
307	61.2	2.979	1.15400	8.6	25.0
308	61.4	2.978	1.15400	8.5	25.0
$E
$E
$S DETERM V1
$S Props V1.1
Total_Alkalinity	modified	250107_Anoxia_3.-20250107-163400	2025-01-07 16:34:00+08:00	original	Regular without errors	23609731_Luka	6																												
$E
$S Results V1
$S Result 1C.R1 V1
Initial pH	6.8030		0
$E
$S Result 1C.R2 V1
AcidConc	0.1000	mol/L	0
$E
$E
$S Mode 1 V1
$S EP V1
1.1540	2.978		61.4	25.0
$E
$S Cal V1
$E
$E
$S Other Variables V1
$S System V1
290.0	6	7920	0			0		0
$E
$S Mode 1 V1.1
0.1	0.1	1.1540	281.7	0.0000	6.803	25.0	6.856	25.0	220.3	2.978	25.0				6.826	99.5		308			Regular stop
$E
$S Statistic V1
$E
$S ComVar local V1
$E
$S Titrant V1
$S Titrant1 V1
0.1 M HCl	0.1	mol/L	0.1	mol/L		2024-12-07 13:35:33
$E
$E
$S Sensor V1
$S Sensor1 V1.1
pH electrode	99.5	6.826	25.0	(manual)	2025-01-07 16:00:45+08:00	pH Calibration	23609731_Luka
$E
$E
$E
$S Calc Vars V1
$S Calc1 V1
$S R1 V1
MIM	6.803	
$E
$S R2 V1
CONC	0.1	
$E
$E
$E
$S Messages V1
$E
$E
$S Methodproperties V1
Total_Alkalinity	modified	hug164	2020-10-15 09:18:30+08:00	23609731_Luka	2025-01-07 15:37:40+08:00	ver. 6																												
$E
$S Method V1
$S Methodoptions V1.1
off	2	off	Identification 1	Identification 2	on	off	on	10.0	mL	off	0	9999999999	off	30 s	on	Alkalinity method puts out a pclims report to 
card1.  A vba form in excel uses this lims
report to calculate alkalinity. Standardise
HCl titrant against 10ml of Na2CO3 (0.0025M)
and titrate as for samples. Calc. [HCl] mole/L
and enter this value in titrant concn in
pc control / system.	on	off	Card 1		Identification 1	on	on	off	on	on		**************	on
$E
$S 01	SET pH	Set endpoint titration pH
Titrando 1	off	30 s	150 s	0 mL	10 mL/min	10 s	60 s	3.00	optimal	2.000	10.00 mL/min	25.00 µL/min	drift	20 µL/min	10 s	off	optimal	2.000	10.00 mL/min	25.00 µL/min	drift	20 µL/min	10 s	auto	0 s	25.0 °C	0.2 s	100.000 mL	off	maximum	on	1	100.000 mL	1	pH electrode	off	4	0.1 M HCl	1	15	on	off	20 µL/min	off	0.0 µL/min	off	20.0000 mL	off	off
$E
$S 02	CALC	Calculation
$S R1
1	Initial pH	MIM	4		0	off	off	24	on	off	Round	off	0.0	9999999999	Display message	
The following variable is used:

EP1= Endpoint volume	
Please consider the information 
in the note under edit result.
$E
$S R2
2	AcidConc	CONC	4	mol/L	1	off	off	24	on	off	Round	off	invalid	invalid	Display message	
The following variable is used:

EP1= Endpoint volume	
Please consider the information 
in the note under edit result.
$E
$E
$S 03	REPORT	Report
$S Reportoptions V1
on each page	off	on
$E
$S Result report
on	on	off	off	on	off	on	on	on	off
$E
$S Curve
1	off	Time	Volume	blue	none	magenta	on	off	88 %	34 %
$E
$E
$E
$E
