$S PC/LIMS V1
$S Devices V1
$S device PC Control V1
P 3.0	S 2213520755
$E
$S device 841 Titrando V1
P 5.841.0014	S 02102
$S ADC1
ADC 3.770.0110	S 08679
$E
$S MSB1
$S 801
S 06255	
$E
$E
$S MSB3
$S 800
S 06203	S 11160006
$E
$E
$E
$E
$S Sample data V1
240809_Anoxic_Kelp_6.76		10.0	mL
$E
$S MPL V1
$S Mode 1
1	0.0	5.108	20.00000	0.0	25.0
2	21.3	5.109	20.00000	0.0	25.0
3	22.0	5.109	20.01900	1661.5	25.0
4	24.0	5.108	20.11600	3203.5	25.0
5	26.0	5.103	20.27200	4523.5	25.0
6	28.0	5.092	20.47900	6056.7	25.0
7	30.0	5.085	20.73000	7392.3	25.0
8	32.0	5.064	21.02000	8585.3	25.0
9	34.0	5.053	21.34400	9653.9	25.0
10	36.0	5.032	21.67700	10063.6	25.0
11	38.0	5.010	22.01100	9995.2	25.0
12	40.0	4.995	22.28700	8770.5	25.0
13	42.0	4.985	22.60300	8698.9	25.0
14	44.0	4.959	22.93600	10203.6	25.0
15	46.0	4.946	23.26700	9937.0	25.0
16	48.0	4.937	23.59500	9858.6	25.0
17	50.0	4.914	23.92100	9799.7	25.0
18	52.0	4.927	24.24200	9617.8	25.0
19	54.0	4.901	24.56400	9673.9	25.0
20	56.0	4.877	24.87600	9440.2	25.0
21	58.0	4.855	25.18100	9162.5	25.0
22	60.0	4.845	25.48300	9046.1	25.0
23	62.0	4.827	25.78200	9004.2	25.0
24	64.0	4.787	26.07200	8741.1	25.0
25	66.0	4.803	26.35900	8602.0	25.0
26	68.0	4.804	26.64700	8636.3	25.0
27	70.0	4.790	26.93300	8595.8	25.0
28	72.0	4.768	27.21300	8456.3	25.0
29	74.0	4.772	27.49000	8285.7	25.0
30	76.0	4.750	27.76300	8219.7	25.0
31	78.0	4.729	28.03100	8080.6	25.0
32	80.0	4.728	28.29600	7926.9	25.0
33	82.0	4.722	28.55900	7912.1	25.0
34	84.0	4.703	28.81900	7803.6	25.0
35	86.0	4.704	29.07500	7687.2	25.0
36	88.0	4.686	29.32900	7656.5	25.0
37	90.0	4.672	29.57800	7469.8	25.0
38	92.0	4.664	29.82500	7383.2	25.0
39	114.7	4.659	30.00400	7328.6	25.0
40	116.0	4.657	30.16300	6787.4	25.0
41	118.0	4.644	30.40500	7320.6	25.0
42	120.0	4.630	30.64400	7177.3	25.0
43	122.0	4.615	30.88000	7082.2	25.0
44	124.0	4.608	31.11100	6962.4	25.0
45	126.0	4.608	31.34200	6923.4	25.0
46	128.0	4.596	31.57100	6888.0	25.0
47	130.0	4.582	31.79700	6791.4	25.0
48	132.0	4.560	32.01900	6668.5	25.0
49	134.0	4.566	32.23700	6536.3	25.0
50	136.0	4.554	32.45500	6548.2	25.0
51	138.0	4.550	32.67000	6448.9	25.0
52	140.0	4.540	32.88500	6437.5	25.0
53	142.0	4.541	33.09700	6383.5	25.0
54	144.0	4.525	33.30900	6350.5	25.0
55	146.0	4.518	33.51700	6238.0	25.0
56	148.0	4.506	33.72300	6196.8	25.0
57	150.0	4.501	33.92700	6129.5	25.0
58	152.0	4.488	34.12800	6049.5	25.0
59	154.0	4.462	34.32400	5895.2	25.0
60	156.0	4.461	34.51700	5782.4	25.0
61	158.0	4.456	34.70900	5774.5	25.0
62	160.0	4.457	34.90200	5768.6	25.0
63	162.0	4.450	35.09400	5770.6	25.0
64	164.0	4.442	35.28400	5698.4	25.0
65	166.0	4.427	35.47200	5660.1	25.0
66	168.0	4.416	35.65600	5525.4	25.0
67	170.0	4.420	35.83900	5477.6	25.0
68	172.0	4.414	36.02100	5493.4	25.0
69	174.0	4.414	36.20300	5454.4	25.0
70	176.0	4.404	36.38400	5422.9	25.0
71	178.0	4.395	36.56100	5315.4	25.0
72	180.0	4.375	36.73600	5268.2	25.0
73	182.0	4.368	36.90900	5193.2	25.0
74	184.0	4.349	37.07899	5119.2	25.0
75	186.0	4.350	37.24500	4981.7	25.0
76	188.0	4.338	37.41100	4991.1	25.0
77	190.0	4.336	37.57500	4905.8	25.0
78	192.0	4.338	37.73900	4915.6	25.0
79	194.0	4.322	37.90300	4938.8	25.0
80	196.0	4.335	38.06500	4855.4	25.0
81	198.0	4.328	38.22800	4894.6	25.0
82	200.0	4.320	38.39000	4863.7	25.0
83	202.0	4.312	38.55000	4798.3	25.0
84	204.0	4.303	38.70800	4752.6	25.0
85	206.0	4.298	38.86500	4701.2	25.0
86	208.0	4.288	39.01900	4645.1	25.0
87	210.0	4.284	39.17300	4608.4	25.0
88	212.0	4.271	39.32500	4557.1	25.0
89	214.0	4.255	39.47300	4477.7	25.0
90	216.0	4.258	39.62000	4397.7	25.0
91	218.0	4.235	39.76300	4312.5	25.0
92	220.0	4.226	39.90600	4276.8	25.0
93	242.6	4.237	40.00400	4272.1	25.0
94	244.0	4.237	40.10400	4218.6	25.0
95	246.0	4.224	40.24500	4262.7	25.0
96	248.0	4.210	40.38499	4192.7	25.0
97	250.0	4.205	40.52200	4119.3	25.0
98	252.0	4.205	40.65800	4089.7	25.0
99	254.0	4.201	40.79399	4074.0	25.0
100	256.0	4.191	40.92800	4022.4	25.0
101	258.0	4.181	41.06200	4015.4	25.0
102	260.0	4.186	41.19400	3960.9	25.0
103	262.0	4.179	41.32600	3956.4	25.0
104	264.0	4.168	41.45600	3913.6	25.0
105	266.0	4.152	41.58400	3856.7	25.0
106	268.0	4.146	41.70900	3758.6	25.0
107	270.0	4.135	41.83300	3730.6	25.0
108	272.0	4.125	41.95499	3668.6	25.0
109	274.0	4.136	42.07700	3644.7	25.0
110	276.0	4.127	42.19800	3651.5	25.0
111	278.0	4.126	42.32000	3634.1	25.0
112	280.0	4.112	42.43999	3619.0	25.0
113	282.0	4.106	42.55799	3542.0	25.0
114	284.0	4.103	42.67500	3510.3	25.0
115	286.0	4.099	42.79200	3504.4	25.0
116	288.0	4.096	42.90700	3470.7	25.0
117	290.0	4.090	43.02299	3466.3	25.0
118	292.0	4.079	43.13600	3413.5	25.0
119	294.0	4.075	43.24900	3366.7	25.0
120	296.0	4.076	43.36000	3338.3	25.0
121	298.0	4.068	43.47000	3301.3	25.0
122	300.0	4.064	43.57899	3278.4	25.0
123	302.0	4.048	43.68800	3272.3	25.0
124	304.0	4.032	43.79300	3160.6	25.0
125	306.0	4.030	43.89700	3128.3	25.0
126	308.0	4.017	44.00100	3110.8	25.0
127	310.0	4.019	44.10300	3076.9	25.0
128	312.0	3.998	44.20499	3067.4	25.0
129	314.0	4.008	44.30400	2969.5	25.0
130	316.0	4.012	44.40499	3020.1	25.0
131	318.0	3.999	44.50500	3019.6	25.0
132	320.0	3.992	44.60400	2963.9	25.0
133	322.0	3.964	44.69900	2867.4	25.0
134	324.0	3.975	44.79300	2801.1	25.0
135	326.0	3.962	44.88600	2801.2	25.0
136	328.0	3.962	44.97800	2764.3	25.0
137	330.0	3.967	45.07100	2781.4	25.0
138	332.0	3.959	45.16299	2773.1	25.0
139	334.0	3.945	45.25500	2747.7	25.0
140	336.0	3.947	45.34600	2727.0	25.0
141	338.0	3.922	45.43600	2722.8	25.0
142	340.0	3.939	45.52399	2626.5	25.0
143	342.0	3.932	45.61200	2667.4	25.0
144	344.0	3.913	45.69800	2581.2	25.0
145	346.0	3.928	45.78400	2551.8	25.0
146	348.0	3.928	45.87099	2614.2	25.0
147	350.0	3.918	45.95700	2581.7	25.0
148	352.0	3.908	46.04100	2533.5	25.0
149	354.0	3.881	46.12199	2445.8	25.0
150	356.0	3.887	46.20200	2387.6	25.0
151	358.0	3.892	46.28300	2427.3	25.0
152	360.0	3.879	46.36399	2442.8	25.0
153	362.0	3.871	46.44400	2396.0	25.0
154	364.0	3.875	46.52299	2370.1	25.0
155	366.0	3.868	46.60200	2391.1	25.0
156	368.0	3.872	46.68000	2348.0	25.0
157	370.0	3.856	46.75900	2350.1	25.0
158	372.0	3.857	46.83599	2320.3	25.0
159	374.0	3.853	46.91199	2291.7	25.0
160	376.0	3.848	46.98800	2275.6	25.0
161	378.0	3.837	47.06300	2260.7	25.0
162	380.0	3.831	47.13599	2189.3	25.0
163	382.0	3.837	47.21000	2210.1	25.0
164	384.0	3.823	47.28300	2205.8	25.0
165	386.0	3.828	47.35500	2162.0	25.0
166	388.0	3.821	47.42800	2181.0	25.0
167	390.0	3.810	47.49799	2121.2	25.0
168	392.0	3.811	47.56900	2110.2	25.0
169	394.0	3.805	47.63800	2087.2	25.0
170	396.0	3.797	47.70700	2074.4	25.0
171	398.0	3.796	47.77600	2050.2	25.0
172	400.0	3.792	47.84399	2037.3	25.0
173	402.0	3.783	47.91100	2031.9	25.0
174	404.0	3.785	47.97800	2006.8	25.0
175	406.0	3.781	48.04399	1995.1	25.0
176	408.0	3.773	48.11100	1982.3	25.0
177	410.0	3.771	48.17599	1961.8	25.0
178	412.0	3.755	48.24000	1930.5	25.0
179	414.0	3.753	48.30299	1880.7	25.0
180	416.0	3.757	48.36500	1873.2	25.0
181	418.0	3.749	48.42799	1891.4	25.0
182	420.0	3.740	48.49000	1840.7	25.0
183	422.0	3.744	48.55099	1840.2	25.0
184	424.0	3.735	48.61300	1844.5	25.0
185	426.0	3.739	48.67300	1822.5	25.0
186	428.0	3.746	48.73399	1824.0	25.0
187	430.0	3.733	48.79600	1839.7	25.0
188	432.0	3.727	48.85500	1788.6	25.0
189	434.0	3.724	48.91399	1771.0	25.0
190	436.0	3.701	48.97200	1747.7	25.0
191	438.0	3.711	49.02900	1714.6	25.0
192	440.0	3.713	49.08699	1715.8	25.0
193	442.0	3.699	49.14400	1718.5	25.0
194	444.0	3.702	49.20100	1701.7	25.0
195	446.0	3.694	49.25700	1695.3	25.0
196	448.0	3.680	49.31200	1645.6	25.0
197	450.0	3.689	49.36700	1642.3	25.0
198	452.0	3.674	49.42200	1659.0	25.0
199	454.0	3.681	49.47500	1597.5	25.0
200	456.0	3.667	49.52900	1615.1	25.0
201	458.0	3.664	49.58099	1573.8	25.0
202	460.0	3.662	49.63300	1567.5	25.0
203	462.0	3.655	49.68600	1569.8	25.0
204	464.0	3.657	49.73700	1538.6	25.0
205	466.0	3.644	49.78799	1529.3	25.0
206	468.0	3.660	49.83900	1526.8	25.0
207	470.0	3.656	49.89100	1552.9	25.0
208	472.0	3.628	49.93999	1514.0	25.0
209	474.0	3.638	49.99000	1464.8	25.0
210	495.8	3.647	50.00200	1476.9	25.0
211	496.0	3.647	50.00700	1475.4	25.0
212	498.0	3.638	50.05700	1491.8	25.0
213	500.0	3.631	50.10600	1483.2	25.0
214	502.0	3.627	50.15499	1459.5	25.0
215	504.0	3.616	50.20300	1445.7	25.0
216	506.0	3.615	50.25000	1428.5	25.0
217	508.0	3.616	50.29700	1397.3	25.0
218	510.0	3.594	50.34299	1386.9	25.0
219	512.0	3.601	50.38800	1359.3	25.0
220	514.0	3.598	50.43399	1375.1	25.0
221	516.0	3.605	50.48000	1361.6	25.0
222	518.0	3.593	50.52499	1379.5	25.0
223	520.0	3.597	50.57000	1338.0	25.0
224	522.0	3.589	50.61599	1363.7	25.0
225	524.0	3.579	50.65900	1325.6	25.0
226	526.0	3.578	50.70300	1307.6	25.0
227	528.0	3.579	50.74699	1309.7	25.0
228	530.0	3.580	50.78999	1311.7	25.0
229	532.0	3.576	50.83400	1301.3	25.0
230	534.0	3.571	50.87700	1289.2	25.0
231	536.0	3.572	50.91999	1288.6	25.0
232	538.0	3.558	50.96199	1282.5	25.0
233	540.0	3.550	51.00399	1243.7	25.0
234	542.0	3.562	51.04499	1242.6	25.0
235	544.0	3.557	51.08699	1253.5	25.0
236	546.0	3.557	51.12799	1247.4	25.0
237	548.0	3.554	51.16899	1230.1	25.0
238	550.0	3.550	51.21099	1221.9	25.0
239	552.0	3.547	51.25100	1218.3	25.0
240	554.0	3.529	51.29100	1192.8	25.0
241	556.0	3.527	51.32999	1170.8	25.0
242	558.0	3.528	51.36900	1159.5	25.0
243	560.0	3.528	51.40699	1152.0	25.0
244	562.0	3.531	51.44600	1162.2	25.0
245	564.0	3.529	51.48500	1167.3	25.0
246	566.0	3.516	51.52299	1148.9	25.0
247	568.0	3.515	51.56100	1130.9	25.0
248	570.0	3.512	51.59900	1128.2	25.0
249	572.0	3.511	51.63599	1121.5	25.0
250	574.0	3.505	51.67300	1117.4	25.0
251	576.0	3.504	51.71000	1098.4	25.0
252	578.0	3.492	51.74699	1100.3	25.0
253	580.0	3.500	51.78300	1089.9	25.0
254	582.0	3.503	51.82000	1103.8	25.0
255	584.0	3.497	51.85600	1105.8	25.0
256	586.0	3.489	51.89199	1085.8	25.0
257	588.0	3.486	51.92799	1071.1	25.0
258	590.0	3.490	51.96299	1058.7	25.0
259	592.0	3.481	51.99799	1055.0	25.0
260	594.0	3.476	52.03300	1032.3	25.0
261	596.0	3.480	52.06699	1035.2	25.0
262	598.0	3.483	52.10199	1051.1	25.0
263	600.0	3.476	52.13699	1046.7	25.0
264	602.0	3.470	52.17099	1031.6	25.0
265	604.0	3.466	52.20499	1021.1	25.0
266	606.0	3.457	52.23899	1009.9	25.0
267	608.0	3.460	52.27200	1002.9	25.0
268	610.0	3.461	52.30600	997.6	25.0
269	612.0	3.451	52.33900	999.7	25.0
270	614.0	3.448	52.37099	967.4	25.0
271	616.0	3.451	52.40300	971.8	25.0
272	618.0	3.448	52.43600	971.2	25.0
273	620.0	3.444	52.46799	960.0	25.0
274	622.0	3.443	52.50000	954.6	25.0
275	624.0	3.447	52.53199	954.9	25.0
276	626.0	3.441	52.56400	958.6	25.0
277	628.0	3.442	52.59599	956.5	25.0
278	630.0	3.440	52.62700	954.9	25.0
279	632.0	3.437	52.65900	949.6	25.0
280	634.0	3.436	52.68999	938.3	25.0
281	636.0	3.437	52.72200	942.5	25.0
282	638.0	3.427	52.75299	938.2	25.0
283	640.0	3.425	52.78400	925.7	25.0
284	642.0	3.422	52.81400	916.9	25.0
285	644.0	3.419	52.84499	918.8	25.0
286	646.0	3.416	52.87500	898.9	25.0
287	648.0	3.408	52.90400	890.7	25.0
288	650.0	3.409	52.93399	887.3	25.0
289	652.0	3.418	52.96400	889.9	25.0
290	654.0	3.407	52.99300	890.7	25.0
291	656.0	3.410	53.02299	877.9	25.0
292	658.0	3.401	53.05199	896.2	25.0
293	660.0	3.392	53.08099	866.7	25.0
294	662.0	3.392	53.11000	862.7	25.0
295	664.0	3.395	53.13800	855.4	25.0
296	666.0	3.393	53.16700	853.5	25.0
297	668.0	3.395	53.19500	851.5	25.0
298	670.0	3.386	53.22400	849.5	25.0
299	672.0	3.379	53.25200	838.0	25.0
300	674.0	3.382	53.27900	827.8	25.0
301	676.0	3.384	53.30700	836.1	25.0
302	678.0	3.380	53.33500	833.5	25.0
303	680.0	3.377	53.36200	825.7	25.0
304	682.0	3.370	53.39000	824.0	25.0
305	684.0	3.375	53.41700	813.5	25.0
306	686.0	3.374	53.44400	813.5	25.0
307	688.0	3.373	53.47100	820.0	25.0
308	690.0	3.367	53.49799	817.0	25.0
309	692.0	3.358	53.52499	798.8	25.0
310	694.0	3.357	53.55099	798.4	25.0
311	696.0	3.359	53.57800	792.6	25.0
312	698.0	3.360	53.60400	794.5	25.0
313	700.0	3.359	53.62999	783.6	25.0
314	702.0	3.356	53.65699	787.0	25.0
315	704.0	3.345	53.68299	777.4	25.0
316	706.0	3.351	53.70800	770.7	25.0
317	708.0	3.353	53.73399	778.5	25.0
318	710.0	3.344	53.75999	765.3	25.0
319	712.0	3.349	53.78500	762.5	25.0
320	714.0	3.345	53.80999	756.1	25.0
321	716.0	3.344	53.83599	770.2	25.0
322	718.0	3.338	53.86100	754.9	25.0
323	720.0	3.341	53.88699	755.0	25.0
324	722.0	3.336	53.91199	750.9	25.0
325	724.0	3.334	53.93700	748.5	25.0
326	726.0	3.331	53.96099	741.6	25.0
327	728.0	3.327	53.98600	737.2	25.0
328	730.0	3.331	54.00999	736.6	25.0
329	732.0	3.329	54.03500	741.6	25.0
330	734.0	3.329	54.05999	735.0	25.0
331	736.0	3.321	54.08400	732.1	25.0
332	738.0	3.322	54.10799	727.6	25.0
333	740.0	3.322	54.13200	724.3	25.0
334	742.0	3.312	54.15599	725.7	25.0
335	744.0	3.318	54.18000	714.9	25.0
336	746.0	3.317	54.20399	715.7	25.0
337	748.0	3.308	54.22800	721.6	25.0
338	750.0	3.310	54.25200	705.7	25.0
339	752.0	3.307	54.27499	711.8	25.0
340	754.0	3.311	54.29900	709.7	25.0
341	756.0	3.313	54.32199	709.5	25.0
342	758.0	3.306	54.34600	708.2	25.0
343	760.0	3.310	54.37000	704.0	25.0
344	762.0	3.298	54.39299	705.4	25.0
345	764.0	3.300	54.41600	688.4	25.0
346	766.0	3.301	54.43900	694.4	25.0
347	768.0	3.302	54.46199	697.1	25.0
348	770.0	3.299	54.48500	692.7	25.0
349	772.0	3.294	54.50800	689.6	25.0
350	774.0	3.292	54.53099	685.3	25.0
351	776.0	3.293	54.55399	687.6	25.0
352	778.0	3.289	54.57700	680.7	25.0
353	780.0	3.284	54.59900	677.8	25.0
354	782.0	3.286	54.62199	666.4	25.0
355	784.0	3.282	54.64400	677.4	25.0
356	786.0	3.284	54.66600	667.8	25.0
357	788.0	3.276	54.68900	671.0	25.0
358	790.0	3.274	54.71099	664.4	25.0
359	792.0	3.273	54.73199	647.9	25.0
360	794.0	3.275	54.75399	657.4	25.0
361	796.0	3.277	54.77599	663.2	25.0
362	798.0	3.275	54.79800	663.0	25.0
363	800.0	3.270	54.82000	659.7	25.0
364	802.0	3.271	54.84200	653.9	25.0
365	804.0	3.269	54.86300	648.4	25.0
366	806.0	3.269	54.88499	649.7	25.0
367	808.0	3.264	54.90699	641.2	25.0
368	810.0	3.266	54.92799	646.9	25.0
369	812.0	3.263	54.95000	636.4	25.0
370	814.0	3.261	54.97099	644.9	25.0
371	816.0	3.255	54.99200	638.8	25.0
372	818.0	3.257	55.01299	636.8	25.0
373	820.0	3.255	55.03400	635.3	25.0
374	822.0	3.257	55.05500	630.8	25.0
375	824.0	3.250	55.07600	627.0	25.0
376	826.0	3.256	55.09700	624.8	25.0
377	828.0	3.250	55.11800	625.0	25.0
378	830.0	3.250	55.13900	625.9	25.0
379	832.0	3.243	55.16000	626.6	25.0
380	834.0	3.242	55.18000	604.5	25.0
381	836.0	3.245	55.20100	632.8	25.0
382	838.0	3.241	55.22099	600.7	25.0
383	840.0	3.240	55.24200	629.9	25.0
384	842.0	3.245	55.26199	593.9	25.0
385	844.0	3.241	55.28300	631.0	25.0
386	846.0	3.241	55.30299	594.9	25.0
387	848.0	3.235	55.32399	632.5	25.0
388	850.0	3.239	55.34399	597.4	25.0
389	852.0	3.235	55.36399	600.0	25.0
390	854.0	3.234	55.38400	600.0	25.0
391	856.0	3.230	55.40499	629.9	25.0
392	858.0	3.233	55.42500	593.9	25.0
393	860.0	3.230	55.44500	600.0	25.0
394	862.0	3.226	55.46500	600.0	25.0
395	864.0	3.226	55.48499	600.0	25.0
396	866.0	3.228	55.50499	600.0	25.0
397	868.0	3.223	55.52399	573.9	25.0
398	870.0	3.223	55.54399	589.3	25.0
399	872.0	3.219	55.56400	600.0	25.0
400	874.0	3.218	55.58300	594.4	25.0
401	876.0	3.220	55.60300	575.6	25.0
402	878.0	3.217	55.62299	607.3	25.0
403	880.0	3.214	55.64199	568.9	25.0
404	882.0	3.213	55.66199	599.3	25.0
405	884.0	3.214	55.68100	570.5	25.0
406	886.0	3.216	55.70000	599.6	25.0
407	888.0	3.211	55.71999	575.6	25.0
408	890.0	3.212	55.73899	580.5	25.0
409	892.0	3.210	55.75900	589.3	25.0
410	894.0	3.209	55.77800	571.5	25.0
411	896.0	3.210	55.79699	575.5	25.0
412	898.0	3.205	55.81599	581.3	25.0
413	900.0	3.205	55.83500	579.1	25.0
414	902.0	3.199	55.85500	580.5	25.0
415	904.0	3.202	55.87299	578.9	25.0
416	906.0	3.205	55.89299	579.7	25.0
417	908.0	3.205	55.91199	577.7	25.0
418	910.0	3.205	55.93100	575.2	25.0
419	912.0	3.200	55.95000	572.8	25.0
420	914.0	3.191	55.96799	570.7	25.0
421	916.0	3.189	55.98700	557.0	25.0
422	918.0	3.190	56.00600	557.9	25.0
423	920.0	3.189	56.02399	562.7	25.0
424	922.0	3.186	56.04300	552.4	25.0
425	924.0	3.186	56.06100	558.6	25.0
426	926.0	3.188	56.07999	553.0	25.0
427	928.0	3.187	56.09800	563.2	25.0
428	930.0	3.183	56.11700	554.5	25.0
429	932.0	3.180	56.13499	553.7	25.0
430	934.0	3.185	56.15400	550.1	25.0
431	936.0	3.183	56.17199	553.8	25.0
432	938.0	3.181	56.19099	552.1	25.0
433	940.0	3.180	56.20900	550.8	25.0
434	942.0	3.175	56.22700	546.3	25.0
435	944.0	3.178	56.24500	548.4	25.0
436	946.0	3.178	56.26400	549.0	25.0
437	948.0	3.175	56.28199	545.3	25.0
438	950.0	3.175	56.30000	542.0	25.0
439	952.0	3.174	56.31800	542.9	25.0
440	954.0	3.173	56.33599	543.9	25.0
441	956.0	3.168	56.35400	543.1	25.0
442	958.0	3.167	56.37199	537.9	25.0
443	960.0	3.165	56.39000	536.5	25.0
444	962.0	3.167	56.40800	534.9	25.0
445	964.0	3.162	56.42599	535.0	25.0
446	966.0	3.167	56.44400	534.4	25.0
447	968.0	3.167	56.46199	537.4	25.0
448	970.0	3.161	56.48000	540.3	25.0
449	972.0	3.162	56.49699	537.1	25.0
450	974.0	3.159	56.51500	534.6	25.0
451	976.0	3.160	56.53300	532.5	25.0
452	978.0	3.154	56.55099	531.9	25.0
453	980.0	3.156	56.56799	527.1	25.0
454	982.0	3.155	56.58599	528.8	25.0
455	984.0	3.160	56.60400	530.6	25.0
456	986.0	3.158	56.62099	530.2	25.0
457	988.0	3.153	56.63900	529.1	25.0
458	990.0	3.149	56.65599	527.2	25.0
459	992.0	3.148	56.67400	520.6	25.0
460	994.0	3.147	56.69099	523.7	25.0
461	996.0	3.147	56.70900	521.9	25.0
462	998.0	3.149	56.72599	520.5	25.0
463	1000.0	3.152	56.74400	523.3	25.0
464	1002.0	3.144	56.76099	525.6	25.0
465	1004.0	3.149	56.77800	525.9	25.0
466	1006.0	3.146	56.79599	521.3	25.0
467	1008.0	3.144	56.81300	522.6	25.0
468	1010.0	3.139	56.82999	519.2	25.0
469	1012.0	3.137	56.84800	515.6	25.0
470	1014.0	3.135	56.86499	512.7	25.0
471	1016.0	3.138	56.88200	513.1	25.0
472	1018.0	3.139	56.89899	513.8	25.0
473	1020.0	3.142	56.91599	518.2	25.0
474	1022.0	3.139	56.93399	520.2	25.0
475	1024.0	3.132	56.95100	515.1	25.0
476	1026.0	3.134	56.96799	514.7	25.0
477	1028.0	3.131	56.98499	512.6	25.0
478	1030.0	3.128	57.00200	514.2	25.0
479	1032.0	3.126	57.01899	510.8	25.0
480	1034.0	3.124	57.03600	508.9	25.0
481	1036.0	3.125	57.05299	505.4	25.0
482	1038.0	3.127	57.07000	506.6	25.0
483	1040.0	3.126	57.08699	506.0	25.0
484	1042.0	3.126	57.10400	507.2	25.0
485	1044.0	3.122	57.12099	507.1	25.0
486	1046.0	3.124	57.13800	508.2	25.0
487	1048.0	3.120	57.15400	508.0	25.0
488	1050.0	3.122	57.17099	505.0	25.0
489	1052.0	3.121	57.18800	505.8	25.0
490	1054.0	3.118	57.20499	504.6	25.0
491	1056.0	3.119	57.22200	500.1	25.0
492	1058.0	3.119	57.23800	505.0	25.0
493	1060.0	3.116	57.25499	499.5	25.0
494	1062.0	3.115	57.27200	503.9	25.0
495	1064.0	3.116	57.28899	500.2	25.0
496	1066.0	3.115	57.30499	505.6	25.0
497	1068.0	3.107	57.32199	500.8	25.0
498	1070.0	3.110	57.33900	499.5	25.0
499	1072.0	3.111	57.35500	495.2	25.0
500	1074.0	3.110	57.37199	498.8	25.0
501	1076.0	3.106	57.38799	498.2	25.0
502	1078.0	3.110	57.40499	497.3	25.0
503	1080.0	3.109	57.42200	497.5	25.0
504	1082.0	3.107	57.43800	496.5	25.0
505	1084.0	3.103	57.45499	496.5	25.0
506	1086.0	3.106	57.47099	492.4	25.0
507	1088.0	3.104	57.48800	494.7	25.0
508	1090.0	3.103	57.50399	495.3	25.0
509	1092.0	3.102	57.52100	493.4	25.0
510	1094.0	3.101	57.53699	493.1	25.0
511	1096.0	3.098	57.55400	493.5	25.0
512	1098.0	3.100	57.57000	492.4	25.0
513	1100.0	3.099	57.58699	493.1	25.0
514	1102.0	3.099	57.60300	493.4	25.0
515	1104.0	3.098	57.61900	493.3	25.0
516	1106.0	3.096	57.63599	492.5	25.0
517	1108.0	3.094	57.65199	490.1	25.0
518	1110.0	3.092	57.66899	491.3	25.0
519	1112.0	3.091	57.68499	489.7	25.0
520	1114.0	3.091	57.70100	487.1	25.0
521	1116.0	3.089	57.71700	489.9	25.0
522	1118.0	3.090	57.73399	488.7	25.0
523	1120.0	3.089	57.75000	488.4	25.0
524	1122.0	3.088	57.76600	486.1	25.0
525	1124.0	3.089	57.78300	486.9	25.0
526	1126.0	3.087	57.79900	486.7	25.0
527	1128.0	3.084	57.81499	488.4	25.0
528	1130.0	3.086	57.83099	485.4	25.0
529	1132.0	3.081	57.84700	488.4	25.0
530	1134.0	3.081	57.86399	483.9	25.0
531	1136.0	3.083	57.87999	482.6	25.0
532	1138.0	3.083	57.89600	483.5	25.0
533	1140.0	3.080	57.91199	484.8	25.0
534	1142.0	3.079	57.92799	484.2	25.0
535	1144.0	3.078	57.94399	479.9	25.0
536	1146.0	3.076	57.96000	485.1	25.0
537	1148.0	3.079	57.97699	481.9	25.0
538	1150.0	3.075	57.99300	484.9	25.0
539	1152.0	3.079	58.00900	479.8	25.0
540	1154.0	3.076	58.02499	484.7	25.0
541	1156.0	3.075	58.04100	480.6	25.0
542	1158.0	3.074	58.05700	483.8	25.0
543	1160.0	3.074	58.07299	482.2	25.0
544	1162.0	3.071	58.08900	478.0	25.0
545	1164.0	3.069	58.10500	479.9	25.0
546	1166.0	3.068	58.12099	479.9	25.0
547	1168.0	3.067	58.13699	479.9	25.0
548	1170.0	3.068	58.15300	479.9	25.0
549	1172.0	3.066	58.16899	479.9	25.0
550	1174.0	3.066	58.18499	479.9	25.0
551	1176.0	3.066	58.20100	479.9	25.0
552	1178.0	3.066	58.21700	479.9	25.0
553	1180.0	3.065	58.23299	474.9	25.0
554	1182.0	3.063	58.24899	476.5	25.0
555	1184.0	3.061	58.26500	480.6	25.0
556	1186.0	3.062	58.28099	478.8	25.0
557	1188.0	3.059	58.29700	474.5	25.0
558	1190.0	3.058	58.31300	479.4	25.0
559	1192.0	3.059	58.32800	476.0	25.0
560	1194.0	3.060	58.34399	480.4	25.0
561	1196.0	3.056	58.35999	474.0	25.0
562	1198.0	3.060	58.37600	476.8	25.0
563	1200.0	3.052	58.39199	475.6	25.0
564	1202.0	3.055	58.40800	474.9	25.0
565	1204.0	3.054	58.42400	475.1	25.0
566	1206.0	3.053	58.43900	476.8	25.0
567	1208.0	3.049	58.45499	476.9	25.0
568	1210.0	3.052	58.47099	474.0	25.0
569	1212.0	3.051	58.48700	473.8	25.0
570	1214.0	3.053	58.50299	473.9	25.0
571	1216.0	3.047	58.51899	473.6	25.0
572	1218.0	3.046	58.53400	474.5	25.0
573	1220.0	3.049	58.55000	472.1	25.0
574	1222.0	3.047	58.56599	474.0	25.0
575	1224.0	3.045	58.58199	472.7	25.0
576	1226.0	3.045	58.59800	473.1	25.0
577	1228.0	3.045	58.61300	476.1	25.0
578	1230.0	3.044	58.62899	472.2	25.0
579	1232.0	3.044	58.64500	471.4	25.0
580	1234.0	3.041	58.66000	471.3	25.0
581	1236.0	3.042	58.67599	471.8	25.0
582	1238.0	3.043	58.69199	471.9	25.0
583	1240.0	3.040	58.70800	471.9	25.0
584	1242.0	3.038	58.72300	473.1	25.0
585	1244.0	3.038	58.73899	470.1	25.0
586	1246.0	3.038	58.75499	472.9	25.0
587	1248.0	3.035	58.77100	472.0	25.0
588	1250.0	3.036	58.78600	472.4	25.0
589	1252.0	3.035	58.80199	471.1	25.0
590	1254.0	3.033	58.81799	469.7	25.0
591	1256.0	3.033	58.83300	471.1	25.0
592	1258.0	3.035	58.84900	469.7	25.0
593	1260.0	3.033	58.86499	472.0	25.0
594	1262.0	3.035	58.88100	470.8	25.0
595	1264.0	3.031	58.89600	468.9	25.0
596	1266.0	3.029	58.91199	469.3	25.0
597	1268.0	3.029	58.92799	469.2	25.0
598	1270.0	3.027	58.94299	472.2	25.0
599	1272.0	3.027	58.95899	469.9	25.0
600	1274.0	3.025	58.97499	468.0	25.0
601	1276.0	3.026	58.98999	472.2	25.0
602	1278.0	3.024	59.00600	469.9	25.0
603	1280.0	3.021	59.02200	468.0	25.0
604	1282.0	3.024	59.03699	467.8	25.0
605	1284.0	3.022	59.05299	470.4	25.0
606	1286.0	3.023	59.06899	467.9	25.0
607	1288.0	3.021	59.08400	468.1	25.0
608	1290.0	3.020	59.09999	468.1	25.0
609	1292.0	3.018	59.11500	470.2	25.0
610	1294.0	3.017	59.13100	468.5	25.0
611	1296.0	3.017	59.14700	468.9	25.0
612	1298.0	3.018	59.16199	470.3	25.0
613	1300.0	3.019	59.17799	467.8	25.0
614	1302.0	3.018	59.19399	467.8	25.0
615	1304.0	3.017	59.20900	467.6	25.0
616	1306.0	3.014	59.22499	467.8	25.0
617	1308.0	3.013	59.23999	469.4	25.0
618	1310.0	3.010	59.25600	468.5	25.0
619	1312.0	3.013	59.27200	468.9	25.0
620	1314.0	3.014	59.28699	469.1	25.0
621	1316.0	3.008	59.30299	469.0	25.0
622	1318.0	3.006	59.31900	468.2	25.0
623	1320.0	3.005	59.33400	466.8	25.0
624	1322.0	3.006	59.34999	466.0	25.0
625	1324.0	3.009	59.36499	469.9	25.0
626	1326.0	3.007	59.38100	466.5	25.0
627	1328.0	3.007	59.39700	469.1	25.0
628	1330.0	3.006	59.41199	465.6	25.0
629	1332.0	3.005	59.42799	468.8	25.0
630	1334.0	3.004	59.44299	467.4	25.0
631	1336.0	3.002	59.45900	468.8	25.0
632	1338.0	2.996	59.47199	460.1	25.0
633	1340.0	3.000	59.48100	350.2	25.0
634	1342.0	2.995	59.49200	321.9	25.0
635	1344.0	3.000	59.49899	254.9	25.0
636	1346.0	3.002	59.51500	341.7	25.0
637	1348.0	3.000	59.52999	546.0	25.0
638	1350.0	2.999	59.53799	436.1	25.0
639	1352.0	3.000	59.55199	310.0	25.0
640	1354.0	2.999	59.56200	329.5	25.0
641	1356.0	2.999	59.57100	294.9	25.0
642	1358.0	2.999	59.58099	273.6	25.0
643	1360.0	2.998	59.59700	400.7	25.0
644	1362.0	2.999	59.59700	383.3	25.0
645	1364.0	2.998	59.59800	322.7	25.0
646	1366.0	2.999	59.60500	190.3	25.0
647	1368.0	2.997	59.60999	139.9	25.0
648	1370.0	2.996	59.62000	154.5	25.0
649	1372.0	2.998	59.62000	147.4	25.0
650	1374.0	2.998	59.62000	140.9	25.0
651	1376.0	2.998	59.62299	123.1	25.0
652	1378.0	2.999	59.62299	118.5	25.0
653	1380.0	2.997	59.62700	96.7	25.0
654	1382.0	2.999	59.62999	88.0	25.0
655	1384.0	2.996	59.62999	83.5	25.0
656	1386.0	2.997	59.62999	81.3	25.0
657	1388.0	2.997	59.62999	79.3	25.0
658	1390.0	2.997	59.62999	62.6	25.0
659	1392.0	2.997	59.62999	34.9	25.0
660	1394.0	2.998	59.62999	8.3	25.0
$E
$E
$S DETERM V1
$S Props V1.1
Total_Alkalinity	modified	240809_Anoxic_Ke-20240809-124503	2024-08-09 12:45:03+08:00	original	Regular without errors	Luka23609731	3																												
$E
$S Results V1
$S Result 1C.R1 V1
Initial pH	6.3568		0
$E
$S Result 1C.R2 V1
AcidConc	0.0120	mol/L	0
$E
$E
$S Mode 1 V1
$S EP V1
59.6300	2.998		1394.0	25.0
$E
$S Cal V1
$E
$E
$S Other Variables V1
$S System V1
1778.0	3	7690	0			0		0
$E
$S Mode 1 V1.1
0.01	0.01205	59.6300	1755.8	20.0000	6.357	25.0	5.108	25.0	361.7	2.998	25.0				6.948	99.8		660			Regular stop
$E
$S Statistic V1
$E
$S ComVar local V1
$E
$S Titrant V1
$S Titrant1 V1
Hydrochloric Acid	0.01205	mol/L	0.01	mol/L		2024-07-19 10:37:14
$E
$E
$S Sensor V1
$S Sensor1 V1.1
pH electrode	99.8	6.948	25.0	(manual)	2024-08-09 12:01:38+08:00	pH Calibration	Luka23609731
$E
$E
$E
$S Calc Vars V1
$S Calc1 V1
$S R1 V1
MIM	6.357	
$E
$S R2 V1
CONC	0.01205	
$E
$E
$E
$S Messages V1
$S Message1 V1.1
1	SET pH	014-002-3-255	Meas. point list overflow	1439
$E
$E
$E
$S Methodproperties V1
Total_Alkalinity	modified	hug164	2020-10-15 09:18:30+08:00	Luka23609731	2024-06-07 12:33:17+08:00	ver. 4																												
$E
$S Method V1
$S Methodoptions V1.1
off	2	off	Identification 1	Identification 2	on	off	on	10.0	mL	off	0	9999999999	off	30 s	on	Alkalinity method puts out a pclims report to 
card1.  A vba form in excel uses this lims
report to calculate alkalinity. Standardise
HCl titrant against 10ml of Na2CO3 (0.0025M)
and titrate as for samples. Calc. [HCl] mole/L
and enter this value in titrant concn in
pc control / system.	on	off	Card 1		Identification 1	on	on	off	on	on		**************	on
$E
$S 01	SET pH	Set endpoint titration pH
Titrando 1	off	30 s	150 s	20 mL	10 mL/min	10 s	60 s	3.00	optimal	2.000	10.00 mL/min	25.00 킠/min	drift	20 킠/min	10 s	off	optimal	2.000	10.00 mL/min	25.00 킠/min	drift	20 킠/min	10 s	auto	0 s	25.0 캜	2.0 s	100.000 mL	off	maximum	on	1	100.000 mL	1	pH electrode	off	3	Hydrochloric Acid	1	15	on	off	20 킠/min	off	0.0 킠/min	off	20.0000 mL	off	off
$E
$S 02	CALC	Calculation
$S R1
1	Initial pH	MIM	4		0	off	off	24	on	off	Round	off	0.0	9999999999	Display message	
The following variable is used:

EP1= Endpoint volume	
Please consider the information 
in the note under edit result.
$E
$S R2
2	AcidConc	CONC	4	mol/L	1	off	off	24	on	off	Round	off	invalid	invalid	Display message	
The following variable is used:

EP1= Endpoint volume	
Please consider the information 
in the note under edit result.
$E
$E
$S 03	REPORT	Report
$S Reportoptions V1
on each page	off	on
$E
$S Result report
on	on	off	off	on	off	on	on	on	off
$E
$S Curve
1	off	Time	Volume	blue	none	magenta	on	off	88 %	34 %
$E
$E
$E
$E
