$S PC/LIMS V1
$S Devices V1
$S device PC Control V1
P 3.0	S 2213520755
$E
$S device 841 Titrando V1
P 5.841.0014	S 02102
$S ADC1
ADC 3.770.0110	S 08679
$E
$S MSB1
$S 801
S 06255	
$E
$E
$S MSB4
$S 800
S 06203	
$E
$E
$E
$E
$S Sample data V1
250129_Anoxia_V2_1.217		10.0	mL
$E
$S MPL V1
$S Mode 1
1	0.0	7.164	0.50000	0.0	25.0
2	0.2	7.164	0.50300	0.0	25.0
3	0.4	7.164	0.50700	1245.0	25.0
4	0.6	7.164	0.51300	1467.9	25.0
5	0.8	7.164	0.51900	1730.4	25.0
6	1.0	7.164	0.52600	1829.8	25.0
7	1.2	7.164	0.53300	1972.1	25.0
8	1.4	7.164	0.54100	2117.0	25.0
9	1.6	7.164	0.55000	2286.2	25.0
10	1.8	7.164	0.56000	2442.2	25.0
11	2.0	7.163	0.57000	2608.7	25.0
12	2.2	7.161	0.58000	2748.8	25.0
13	2.4	7.160	0.59200	2877.0	25.0
14	2.6	7.155	0.60400	3026.5	25.0
15	2.8	7.152	0.61600	3167.6	25.0
16	3.0	7.140	0.62900	3302.8	25.0
17	3.2	7.132	0.64300	3432.1	25.0
18	3.4	7.119	0.65700	3566.3	25.0
19	3.6	7.110	0.67200	3702.0	25.0
20	3.8	7.100	0.68700	3836.3	25.0
21	4.0	7.091	0.70300	3961.7	25.0
22	4.2	7.079	0.72000	4094.0	25.0
23	4.4	7.066	0.73700	4222.9	25.0
24	4.6	7.057	0.75400	4354.9	25.0
25	4.8	7.046	0.77200	4514.9	25.0
26	5.0	7.034	0.79100	4674.1	25.0
27	5.2	7.022	0.81000	4837.6	25.0
28	5.4	7.011	0.82900	5000.8	25.0
29	5.6	7.001	0.84900	5155.4	25.0
30	5.8	6.993	0.87000	5307.2	25.0
31	6.0	6.984	0.89100	5463.2	25.0
32	6.2	6.963	0.91200	5615.8	25.0
33	6.4	6.931	0.93400	5766.2	25.0
34	6.6	6.917	0.95600	5912.4	25.0
35	6.8	6.909	0.97900	6052.7	25.0
36	7.0	6.897	1.00200	6195.2	25.0
37	7.2	6.885	1.02600	6335.8	25.0
38	7.4	6.864	1.05000	6477.0	25.0
39	7.6	6.849	1.07400	6614.5	25.0
40	7.8	6.825	1.09900	6750.6	25.0
41	8.0	6.814	1.12400	6884.0	25.0
42	8.2	6.805	1.15000	7010.8	25.0
43	8.4	6.749	1.17600	7138.0	25.0
44	8.6	6.718	1.20300	7264.3	25.0
45	8.8	6.695	1.23000	7391.9	25.0
46	9.0	6.696	1.25700	7517.7	25.0
47	9.2	6.666	1.28500	7640.9	25.0
48	9.4	6.645	1.31300	7767.3	25.0
49	9.6	6.589	1.34100	7890.8	25.0
50	9.8	6.571	1.37000	8010.7	25.0
51	10.0	6.561	1.39900	8127.8	25.0
52	10.2	6.568	1.42900	8242.9	25.0
53	10.4	6.574	1.45900	8361.5	25.0
54	10.6	6.564	1.48900	8476.2	25.0
55	10.8	6.480	1.52000	8585.3	25.0
56	11.0	6.413	1.55100	8696.6	25.0
57	11.2	6.130	1.58200	8805.2	25.0
58	11.4	5.802	1.61400	8916.0	25.0
59	11.6	6.021	1.64600	9027.5	25.0
60	11.8	6.154	1.67800	9135.5	25.0
61	12.0	6.193	1.71100	9241.2	25.0
62	12.2	6.190	1.74400	9347.9	25.0
63	12.4	6.201	1.77800	9451.9	25.0
64	12.6	6.217	1.81100	9554.4	25.0
65	12.8	6.205	1.84400	9649.5	25.0
66	13.0	5.629	1.87800	9738.4	25.0
67	13.2	5.180	1.91100	9820.6	25.0
68	13.4	5.130	1.94400	9886.6	25.0
69	13.6	5.425	1.97700	9943.9	25.0
70	13.8	5.540	2.01100	9986.2	25.0
71	14.0	5.600	2.04400	10018.4	25.0
72	14.2	5.635	2.07700	10043.3	25.0
73	14.4	5.734	2.11100	10055.7	25.0
74	14.6	5.761	2.14400	10061.8	25.0
75	14.8	5.870	2.17700	10065.1	25.0
76	15.0	5.827	2.21100	10058.0	25.0
77	15.2	5.764	2.24400	10049.1	25.0
78	15.4	5.226	2.27700	10042.3	25.0
79	15.6	5.078	2.31100	10029.9	25.0
80	15.8	5.326	2.34400	10020.4	25.0
81	16.0	5.595	2.37700	10009.0	25.0
82	16.2	5.686	2.41100	10001.5	25.0
83	16.4	5.803	2.44400	9998.8	25.0
84	16.6	5.887	2.47700	9994.9	25.0
85	16.8	5.955	2.51000	9994.4	25.0
86	17.0	5.803	2.54400	9991.9	25.0
87	17.2	5.139	2.57700	9990.4	25.0
88	17.4	5.112	2.61000	9992.9	25.0
89	17.6	5.031	2.64400	9991.2	25.0
90	17.8	5.113	2.67700	9990.3	25.0
91	18.0	5.160	2.71000	9993.0	25.0
92	18.2	4.984	2.74400	9991.3	25.0
93	18.4	4.832	2.75200	9926.5	25.0
94	18.6	5.066	2.75800	9602.2	25.0
95	18.8	5.416	2.76300	9055.4	25.0
96	19.0	5.608	2.76900	8346.5	25.0
97	19.2	5.724	2.77500	7530.1	25.0
98	19.4	5.795	2.78000	6646.5	25.0
99	19.6	5.851	2.78600	5740.6	25.0
100	19.8	5.890	2.79200	4851.1	25.0
101	20.0	5.917	2.79700	4002.8	25.0
102	20.2	5.934	2.80300	3224.7	25.0
103	20.4	5.947	2.80900	2540.0	25.0
104	20.6	5.957	2.81400	1960.4	25.0
105	20.8	5.963	2.82000	1494.7	25.0
106	21.0	5.966	2.82600	1152.3	25.0
107	21.2	5.966	2.83100	934.7	25.0
108	21.4	5.967	2.83700	822.8	25.0
109	21.6	5.965	2.84300	820.2	25.0
110	21.8	5.963	2.84800	907.4	25.0
111	22.0	5.960	2.85400	1051.8	25.0
112	22.2	5.958	2.86000	1241.4	25.0
113	22.4	5.952	2.86500	1440.8	25.0
114	22.6	5.945	2.87100	1602.0	25.0
115	22.8	5.941	2.87700	1696.9	25.0
116	23.0	5.936	2.88200	1707.3	25.0
117	23.2	5.935	2.88800	1701.9	25.0
118	23.4	5.934	2.89400	1701.2	25.0
119	23.6	5.933	2.89900	1705.1	25.0
120	23.8	5.933	2.90500	1699.7	25.0
121	24.0	5.929	2.91100	1699.0	25.0
122	24.2	5.926	2.91600	1703.1	25.0
123	24.4	5.922	2.92200	1698.0	25.0
124	24.6	5.919	2.92800	1697.6	25.0
125	24.8	5.918	2.93400	1702.2	25.0
126	25.0	5.918	2.93900	1702.5	25.0
127	25.2	5.913	2.94500	1701.7	25.0
128	25.4	5.907	2.95100	1706.0	25.0
129	25.6	5.905	2.95600	1706.2	25.0
130	25.8	5.903	2.96200	1702.8	25.0
131	26.0	5.902	2.96800	1706.3	25.0
132	26.2	5.902	2.97300	1705.9	25.0
133	26.4	5.902	2.97900	1701.9	25.0
134	26.6	5.901	2.98500	1705.0	25.0
135	26.8	5.897	2.99000	1704.2	25.0
136	27.0	5.893	2.99600	1700.0	25.0
137	27.2	5.888	3.00200	1702.9	25.0
138	27.4	5.884	3.00700	1702.0	25.0
139	27.6	5.883	3.01300	1697.8	25.0
140	27.8	5.881	3.01900	1700.8	25.0
141	28.0	5.878	3.02400	1700.2	25.0
142	28.2	5.876	3.03000	1696.3	25.0
143	28.4	5.874	3.03600	1699.7	25.0
144	28.6	5.874	3.04100	1705.1	25.0
145	28.8	5.873	3.04700	1700.6	25.0
146	29.0	5.873	3.05300	1703.6	25.0
147	29.2	5.874	3.05800	1708.8	25.0
148	29.4	5.876	3.06400	1704.3	25.0
149	29.6	5.877	3.07000	1704.3	25.0
150	29.8	5.875	3.07500	1708.8	25.0
151	30.0	5.873	3.08100	1703.7	25.0
152	30.2	5.870	3.08700	1703.2	25.0
153	30.4	5.867	3.09200	1707.3	25.0
154	30.6	5.862	3.09800	1701.9	25.0
155	30.8	5.856	3.10400	1701.2	25.0
156	31.0	5.851	3.10900	1705.1	25.0
157	31.2	5.849	3.11500	1699.7	25.0
158	31.4	5.849	3.12100	1699.0	25.0
159	31.6	5.849	3.12600	1703.1	25.0
160	31.8	5.850	3.13200	1698.0	25.0
161	32.0	5.851	3.13800	1697.6	25.0
162	32.2	5.853	3.14400	1702.2	25.0
163	32.4	5.853	3.14900	1702.5	25.0
164	32.6	5.851	3.15500	1701.7	25.0
165	32.8	5.847	3.16100	1706.0	25.0
166	33.0	5.844	3.16600	1706.2	25.0
167	33.2	5.841	3.17200	1702.8	25.0
168	33.4	5.837	3.17800	1706.3	25.0
169	33.6	5.834	3.18300	1705.9	25.0
170	33.8	5.828	3.18900	1701.9	25.0
171	34.0	5.824	3.19500	1705.0	25.0
172	34.2	5.823	3.20000	1704.2	25.0
173	34.4	5.822	3.20600	1700.0	25.0
174	34.6	5.821	3.21200	1702.9	25.0
175	34.8	5.820	3.21700	1702.0	25.0
176	35.0	5.818	3.22300	1697.8	25.0
177	35.2	5.818	3.22900	1700.8	25.0
178	35.4	5.816	3.23400	1700.2	25.0
179	35.6	5.812	3.24000	1696.3	25.0
180	35.8	5.809	3.24600	1699.7	25.0
181	36.0	5.806	3.25100	1705.1	25.0
182	36.2	5.803	3.25700	1700.6	25.0
183	36.4	5.802	3.26300	1703.6	25.0
184	36.6	5.800	3.26800	1708.8	25.0
185	36.8	5.796	3.27400	1704.3	25.0
186	37.0	5.793	3.28000	1704.3	25.0
187	37.2	5.791	3.28500	1708.8	25.0
188	37.4	5.788	3.29100	1703.7	25.0
189	37.6	5.778	3.29700	1703.2	25.0
190	37.8	5.772	3.30200	1707.3	25.0
191	38.0	5.772	3.30800	1701.9	25.0
192	38.2	5.774	3.31400	1701.2	25.0
193	38.4	5.774	3.31900	1705.1	25.0
194	38.6	5.772	3.32500	1699.7	25.0
195	38.8	5.771	3.33100	1699.0	25.0
196	39.0	5.769	3.33600	1703.1	25.0
197	39.2	5.768	3.34200	1698.0	25.0
198	39.4	5.759	3.34800	1697.6	25.0
199	39.6	5.755	3.35400	1702.2	25.0
200	39.8	5.752	3.35900	1702.5	25.0
201	40.0	5.750	3.36500	1701.7	25.0
202	40.2	5.748	3.37100	1706.0	25.0
203	40.4	5.745	3.37600	1706.2	25.0
204	40.6	5.741	3.38200	1702.8	25.0
205	40.8	5.739	3.38800	1706.3	25.0
206	41.0	5.738	3.39300	1705.9	25.0
207	41.2	5.738	3.39900	1701.9	25.0
208	41.4	5.736	3.40500	1705.0	25.0
209	41.6	5.735	3.41000	1704.2	25.0
210	41.8	5.733	3.41600	1700.0	25.0
211	42.0	5.731	3.42200	1702.9	25.0
212	42.2	5.729	3.42700	1702.0	25.0
213	42.4	5.728	3.43300	1697.8	25.0
214	42.6	5.727	3.43900	1700.8	25.0
215	42.8	5.725	3.44400	1700.2	25.0
216	43.0	5.721	3.45000	1696.3	25.0
217	43.2	5.717	3.45600	1699.7	25.0
218	43.4	5.715	3.46100	1705.1	25.0
219	43.6	5.713	3.46700	1700.6	25.0
220	43.8	5.710	3.47300	1703.6	25.0
221	44.0	5.706	3.47800	1708.8	25.0
222	44.2	5.701	3.48400	1704.3	25.0
223	44.4	5.697	3.49000	1704.3	25.0
224	44.6	5.694	3.49500	1708.8	25.0
225	44.8	5.692	3.50100	1703.7	25.0
226	45.0	5.691	3.50700	1703.2	25.0
227	45.2	5.690	3.51200	1707.3	25.0
228	45.4	5.685	3.51800	1701.9	25.0
229	45.6	5.681	3.52400	1701.2	25.0
230	45.8	5.677	3.52900	1705.1	25.0
231	46.0	5.673	3.53500	1699.7	25.0
232	46.2	5.672	3.54100	1699.0	25.0
233	46.4	5.671	3.54600	1703.1	25.0
234	46.6	5.668	3.55200	1698.0	25.0
235	46.8	5.666	3.55800	1697.6	25.0
236	47.0	5.664	3.56400	1702.2	25.0
237	47.2	5.664	3.56900	1702.5	25.0
238	47.4	5.664	3.57500	1701.7	25.0
239	47.6	5.664	3.58100	1706.0	25.0
240	47.8	5.664	3.58600	1706.2	25.0
241	48.0	5.662	3.59200	1702.8	25.0
242	48.2	5.652	3.59800	1706.3	25.0
243	48.4	5.649	3.60300	1705.9	25.0
244	48.6	5.646	3.60900	1701.9	25.0
245	48.8	5.620	3.61500	1705.0	25.0
246	49.0	5.619	3.62000	1704.2	25.0
247	49.2	5.622	3.62600	1700.0	25.0
248	49.4	5.595	3.63200	1702.9	25.0
249	49.6	5.605	3.63700	1702.0	25.0
250	49.8	5.613	3.64300	1697.8	25.0
251	50.0	5.619	3.64900	1700.8	25.0
252	50.2	5.623	3.65400	1700.2	25.0
253	50.4	5.627	3.66000	1696.3	25.0
254	50.6	5.628	3.66600	1699.7	25.0
255	50.8	5.627	3.67100	1705.1	25.0
256	51.0	5.624	3.67700	1700.6	25.0
257	51.2	5.620	3.68300	1703.6	25.0
258	51.4	5.618	3.68800	1708.8	25.0
259	51.6	5.618	3.69400	1704.3	25.0
260	51.8	5.618	3.70000	1704.3	25.0
261	52.0	5.618	3.70500	1708.8	25.0
262	52.2	5.617	3.71100	1703.7	25.0
263	52.4	5.618	3.71700	1703.2	25.0
264	52.6	5.614	3.72200	1707.3	25.0
265	52.8	5.607	3.72800	1701.9	25.0
266	53.0	5.598	3.73400	1701.2	25.0
267	53.2	5.588	3.73900	1705.1	25.0
268	53.4	5.580	3.74500	1699.7	25.0
269	53.6	5.577	3.75100	1699.0	25.0
270	53.8	5.578	3.75600	1703.1	25.0
271	54.0	5.579	3.76200	1698.0	25.0
272	54.2	5.579	3.76800	1697.6	25.0
273	54.4	5.578	3.77400	1702.2	25.0
274	54.6	5.574	3.77900	1702.5	25.0
275	54.8	5.571	3.78500	1701.7	25.0
276	55.0	5.570	3.79100	1706.0	25.0
277	55.2	5.568	3.79600	1706.2	25.0
278	55.4	5.563	3.80200	1702.8	25.0
279	55.6	5.562	3.80800	1706.3	25.0
280	55.8	5.558	3.81300	1705.9	25.0
281	56.0	5.555	3.81900	1701.9	25.0
282	56.2	5.550	3.82500	1705.0	25.0
283	56.4	5.549	3.83000	1704.2	25.0
284	56.6	5.545	3.83600	1700.0	25.0
285	56.8	5.543	3.84200	1702.9	25.0
286	57.0	5.541	3.84700	1702.0	25.0
287	57.2	5.539	3.85300	1697.8	25.0
288	57.4	5.537	3.85900	1700.8	25.0
289	57.6	5.535	3.86400	1700.2	25.0
290	57.8	5.533	3.87000	1696.3	25.0
291	58.0	5.531	3.87600	1699.7	25.0
292	58.2	5.528	3.88100	1705.1	25.0
293	58.4	5.525	3.88700	1700.6	25.0
294	58.6	5.522	3.89300	1703.6	25.0
295	58.8	5.518	3.89800	1708.8	25.0
296	59.0	5.511	3.90400	1704.3	25.0
297	59.2	5.504	3.91000	1704.3	25.0
298	59.4	5.498	3.91500	1708.8	25.0
299	59.6	5.495	3.92100	1703.7	25.0
300	59.8	5.494	3.92700	1703.2	25.0
301	60.0	5.494	3.93200	1707.3	25.0
302	60.2	5.491	3.93800	1701.9	25.0
303	60.4	5.491	3.94400	1701.2	25.0
304	60.6	5.490	3.94900	1705.1	25.0
305	60.8	5.490	3.95500	1699.7	25.0
306	61.0	5.490	3.96100	1699.0	25.0
307	61.2	5.488	3.96600	1703.1	25.0
308	61.4	5.483	3.97200	1698.0	25.0
309	61.6	5.476	3.97800	1697.6	25.0
310	61.8	5.471	3.98400	1702.2	25.0
311	62.0	5.465	3.98900	1702.5	25.0
312	62.2	5.461	3.99500	1701.7	25.0
313	62.4	5.454	4.00100	1706.0	25.0
314	62.6	5.450	4.00600	1706.2	25.0
315	62.8	5.446	4.01200	1702.8	25.0
316	63.0	5.442	4.01800	1706.3	25.0
317	63.2	5.440	4.02300	1705.9	25.0
318	63.4	5.438	4.02900	1701.9	25.0
319	63.6	5.435	4.03500	1705.0	25.0
320	63.8	5.432	4.04000	1704.2	25.0
321	64.0	5.431	4.04600	1700.0	25.0
322	64.2	5.428	4.05200	1702.9	25.0
323	64.4	5.425	4.05700	1702.0	25.0
324	64.6	5.423	4.06300	1697.8	25.0
325	64.8	5.422	4.06900	1700.8	25.0
326	65.0	5.422	4.07400	1705.7	25.0
327	65.2	5.421	4.08000	1700.7	25.0
328	65.4	5.422	4.08600	1703.0	25.0
329	65.6	5.419	4.09100	1707.4	25.0
330	65.8	5.417	4.09700	1702.1	25.0
331	66.0	5.412	4.10300	1704.3	25.0
332	66.2	5.402	4.10800	1708.8	25.0
333	66.4	5.391	4.11400	1703.7	25.0
334	66.6	5.383	4.12000	1703.2	25.0
335	66.8	5.372	4.12500	1707.3	25.0
336	67.0	5.365	4.13100	1701.9	25.0
337	67.2	5.364	4.13700	1701.2	25.0
338	67.4	5.362	4.14200	1705.1	25.0
339	67.6	5.349	4.14800	1699.7	25.0
340	67.8	5.342	4.15400	1699.0	25.0
341	68.0	5.327	4.15900	1703.1	25.0
342	68.2	5.326	4.16500	1698.0	25.0
343	68.4	5.328	4.17100	1697.6	25.0
344	68.6	5.329	4.17700	1702.2	25.0
345	68.8	5.329	4.18200	1702.5	25.0
346	69.0	5.327	4.18800	1701.7	25.0
347	69.2	5.326	4.19400	1706.0	25.0
348	69.4	5.324	4.19900	1706.2	25.0
349	69.6	5.322	4.20500	1702.8	25.0
350	69.8	5.320	4.21100	1706.3	25.0
351	70.0	5.316	4.21600	1705.9	25.0
352	70.2	5.313	4.22200	1701.9	25.0
353	70.4	5.308	4.22800	1705.0	25.0
354	70.6	5.304	4.23300	1704.2	25.0
355	70.8	5.301	4.23900	1700.0	25.0
356	71.0	5.296	4.24500	1702.9	25.0
357	71.2	5.283	4.25000	1702.0	25.0
358	71.4	5.275	4.25600	1697.8	25.0
359	71.6	5.276	4.26200	1700.8	25.0
360	71.8	5.267	4.26700	1700.2	25.0
361	72.0	5.224	4.27300	1696.3	25.0
362	72.2	5.168	4.27900	1699.7	25.0
363	72.4	5.084	4.28400	1705.1	25.0
364	72.6	5.078	4.29000	1700.6	25.0
365	72.8	5.099	4.29600	1703.6	25.0
366	73.0	5.123	4.30100	1708.8	25.0
367	73.2	5.140	4.30700	1704.3	25.0
368	73.4	5.155	4.31300	1704.3	25.0
369	73.6	5.168	4.31800	1708.8	25.0
370	73.8	5.180	4.32400	1703.7	25.0
371	74.0	5.189	4.33000	1703.2	25.0
372	74.2	5.195	4.33500	1707.3	25.0
373	74.4	5.199	4.34100	1701.9	25.0
374	74.6	5.194	4.34700	1701.2	25.0
375	74.8	5.192	4.35200	1705.1	25.0
376	75.0	5.196	4.35800	1699.7	25.0
377	75.2	5.189	4.36400	1699.0	25.0
378	75.4	5.189	4.36900	1703.1	25.0
379	75.6	5.190	4.37500	1698.0	25.0
380	75.8	5.189	4.38100	1697.6	25.0
381	76.0	5.189	4.38700	1702.2	25.0
382	76.2	5.162	4.39200	1702.5	25.0
383	76.4	5.137	4.39800	1701.7	25.0
384	76.6	5.133	4.40400	1706.0	25.0
385	76.8	5.136	4.40900	1706.2	25.0
386	77.0	5.110	4.41500	1702.8	25.0
387	77.2	5.126	4.42100	1706.3	25.0
388	77.4	5.129	4.42600	1705.9	25.0
389	77.6	5.130	4.43200	1701.9	25.0
390	77.8	5.133	4.43800	1705.0	25.0
391	78.0	5.135	4.44300	1704.2	25.0
392	78.2	5.136	4.44900	1700.0	25.0
393	78.4	5.138	4.45500	1702.9	25.0
394	78.6	5.138	4.46000	1702.0	25.0
395	78.8	5.136	4.46600	1697.8	25.0
396	79.0	5.135	4.47200	1700.8	25.0
397	79.2	5.133	4.47700	1700.2	25.0
398	79.4	5.133	4.48300	1696.3	25.0
399	79.6	5.132	4.48900	1699.7	25.0
400	79.8	5.131	4.49400	1705.1	25.0
401	80.0	5.129	4.50000	1700.6	25.0
402	80.2	5.126	4.50600	1703.6	25.0
403	80.4	5.118	4.51100	1708.8	25.0
404	80.6	5.107	4.51700	1704.3	25.0
405	80.8	5.100	4.52300	1704.3	25.0
406	81.0	5.077	4.52800	1708.8	25.0
407	81.2	4.945	4.53400	1703.7	25.0
408	81.4	4.690	4.55300	1731.0	25.0
409	81.6	4.665	4.56300	1883.0	25.0
410	81.8	4.681	4.57000	2034.4	25.0
411	82.0	4.652	4.57600	2156.4	25.0
412	82.2	4.540	4.58000	2240.9	25.0
413	82.4	4.493	4.58400	2273.5	25.0
414	82.6	4.577	4.58700	2258.1	25.0
415	82.8	4.660	4.59000	2198.8	25.0
416	83.0	4.732	4.59300	2101.8	25.0
417	83.2	4.773	4.59600	1977.4	25.0
418	83.4	4.753	4.60000	1840.1	25.0
419	83.6	4.758	4.60300	1692.7	25.0
420	83.8	4.722	4.60700	1543.6	25.0
421	84.0	4.689	4.61100	1404.2	25.0
422	84.2	4.720	4.61500	1275.6	25.0
423	84.4	4.757	4.62000	1160.6	25.0
424	84.6	4.778	4.62400	1078.4	25.0
425	84.8	4.800	4.62900	1020.0	25.0
426	85.0	4.816	4.63400	991.4	25.0
427	85.2	4.821	4.64000	998.2	25.0
428	85.4	4.831	4.64500	1041.0	25.0
429	85.6	4.837	4.65100	1118.6	25.0
430	85.8	4.840	4.65800	1240.2	25.0
431	86.0	4.845	4.66400	1395.9	25.0
432	86.2	4.850	4.67100	1507.1	25.0
433	86.4	4.846	4.67800	1615.1	25.0
434	86.6	4.848	4.68600	1714.2	25.0
435	86.8	4.849	4.69400	1812.0	25.0
436	87.0	4.815	4.70200	1908.2	25.0
437	87.2	4.732	4.71100	2005.8	25.0
438	87.4	4.729	4.72000	2107.9	25.0
439	87.6	4.663	4.73000	2210.5	25.0
440	87.8	4.586	4.74000	2321.2	25.0
441	88.0	4.596	4.75000	2433.2	25.0
442	88.2	4.633	4.75800	2536.9	25.0
443	88.4	4.655	4.76700	2615.6	25.0
444	88.6	4.624	4.77500	2680.0	25.0
445	88.8	4.182	4.78200	2725.7	25.0
446	89.0	4.164	4.78400	2717.2	25.0
447	89.2	4.190	4.78600	2629.9	25.0
448	89.4	4.252	4.78700	2477.9	25.0
449	89.6	4.208	4.78900	2351.6	25.0
450	89.8	4.080	4.79000	2112.8	25.0
451	90.0	4.108	4.79100	1958.3	25.0
452	90.2	4.191	4.79200	1794.9	25.0
453	90.4	4.246	4.79300	1636.1	25.0
454	90.6	4.309	4.79400	1485.4	25.0
455	90.8	4.343	4.79600	1337.1	25.0
456	91.0	4.373	4.79700	1079.4	25.0
457	91.2	4.402	4.79800	960.2	25.0
458	91.4	4.424	4.80000	851.2	25.0
459	91.6	4.442	4.80100	668.2	25.0
460	91.8	4.456	4.80300	590.5	25.0
461	92.0	4.457	4.80400	465.4	25.0
462	92.2	4.458	4.80600	413.4	25.0
463	92.4	4.451	4.80800	334.0	25.0
464	92.6	4.455	4.81000	284.3	25.0
465	92.8	4.463	4.81200	260.8	25.0
466	93.0	4.469	4.81400	260.5	25.0
467	93.2	4.476	4.81600	282.2	25.0
468	93.4	4.483	4.81900	324.3	25.0
469	93.6	4.486	4.82100	381.8	25.0
470	93.8	4.485	4.82400	450.6	25.0
471	94.0	4.478	4.82700	529.4	25.0
472	94.2	4.474	4.82900	609.0	25.0
473	94.4	4.477	4.83300	671.7	25.0
474	94.6	4.476	4.83600	728.7	25.0
475	94.8	4.431	4.83900	780.3	25.0
476	95.0	4.365	4.84300	829.5	25.0
477	95.2	4.360	4.84600	870.5	25.0
478	95.4	4.358	4.85000	907.7	25.0
479	95.6	4.341	4.85400	946.9	25.0
480	95.8	4.319	4.85800	987.2	25.0
481	96.0	4.240	4.86300	1030.7	25.0
482	96.2	4.204	4.86700	1075.6	25.0
483	96.4	4.205	4.87000	1117.2	25.0
484	96.6	4.207	4.87400	1142.2	25.0
485	96.8	3.965	4.87600	1158.4	25.0
486	97.0	3.711	4.87700	1153.7	25.0
487	97.2	3.713	4.87800	1132.9	25.0
488	97.4	3.780	4.87800	1093.6	25.0
489	97.6	3.843	4.87800	1074.2	25.0
490	97.8	3.898	4.87900	1060.7	25.0
491	98.0	3.955	4.87900	984.0	25.0
492	98.2	3.988	4.87900	968.0	25.0
493	98.4	4.009	4.88000	957.3	25.0
494	98.6	3.991	4.88000	863.3	25.0
495	98.8	3.969	4.88100	850.7	25.0
496	99.0	3.971	4.88100	761.0	25.0
497	99.2	3.965	4.88100	751.0	25.0
498	99.4	3.975	4.88200	745.1	25.0
499	99.6	3.955	4.88200	658.9	25.0
500	99.8	3.936	4.88300	654.7	25.0
501	100.0	3.928	4.88400	579.7	25.0
502	100.2	3.932	4.88400	519.2	25.0
503	100.4	3.939	4.88500	514.1	25.0
504	100.6	3.950	4.88500	461.7	25.0
505	100.8	3.960	4.88600	460.2	25.0
506	101.0	3.961	4.88700	412.5	25.0
507	101.2	3.961	4.88700	374.0	25.0
508	101.4	3.965	4.88800	373.5	25.0
509	101.6	3.966	4.88900	340.7	25.0
510	101.8	3.964	4.89000	311.3	25.0
511	102.0	3.966	4.89100	286.8	25.0
512	102.2	3.970	4.89200	266.4	25.0
513	102.4	3.968	4.89300	249.3	25.0
514	102.6	3.961	4.89400	234.3	25.0
515	102.8	3.917	4.89500	222.0	25.0
516	103.0	3.887	4.89600	212.1	25.0
517	103.2	3.887	4.89700	205.5	25.0
518	103.4	3.894	4.89900	198.8	25.0
519	103.6	3.901	4.90000	190.4	25.0
520	103.8	3.902	4.90100	191.2	25.0
521	104.0	3.902	4.90300	191.8	25.0
522	104.2	3.902	4.90400	198.2	25.0
523	104.4	3.896	4.90600	204.5	25.0
524	104.6	3.893	4.90800	223.7	25.0
525	104.8	3.877	4.90900	253.0	25.0
526	105.0	3.860	4.91100	270.9	25.0
527	105.2	3.848	4.91300	316.5	25.0
528	105.4	3.837	4.91500	372.9	25.0
529	105.6	3.844	4.91800	441.8	25.0
530	105.8	3.825	4.92000	529.0	25.0
531	106.0	3.806	4.92200	612.3	25.0
532	106.2	3.804	4.92500	675.5	25.0
533	106.4	3.806	4.92800	693.5	25.0
534	106.6	3.806	4.93000	708.8	25.0
535	106.8	3.808	4.93300	728.7	25.0
536	107.0	3.809	4.93600	746.7	25.0
537	107.2	3.815	4.93900	768.8	25.0
538	107.4	3.820	4.94200	793.2	25.0
539	107.6	3.804	4.94500	816.6	25.0
540	107.8	3.779	4.94800	844.7	25.0
541	108.0	3.747	4.95200	868.8	25.0
542	108.2	3.720	4.95600	902.7	25.0
543	108.4	3.689	4.95900	932.8	25.0
544	108.6	3.644	4.96100	954.3	25.0
545	108.8	3.640	4.96200	953.1	25.0
546	109.0	3.593	4.96300	932.9	25.0
547	109.2	3.560	4.96300	902.6	25.0
548	109.4	3.477	4.96300	886.6	25.0
549	109.6	3.441	4.96400	876.4	25.0
550	109.8	3.460	4.96400	820.5	25.0
551	110.0	3.470	4.96400	807.2	25.0
552	110.2	3.449	4.96400	794.3	25.0
553	110.4	3.450	4.96500	781.8	25.0
554	110.6	3.416	4.96500	702.9	25.0
555	110.8	3.408	4.96500	693.0	25.0
556	111.0	3.420	4.96500	683.4	25.0
557	111.2	3.429	4.96500	674.0	25.0
558	111.4	3.417	4.96600	669.0	25.0
559	111.6	3.423	4.96600	582.8	25.0
560	111.8	3.440	4.96600	575.8	25.0
561	112.0	3.447	4.96700	569.1	25.0
562	112.2	3.446	4.96700	496.4	25.0
563	112.4	3.442	4.96700	491.3	25.0
564	112.6	3.426	4.96800	486.3	25.0
565	112.8	3.422	4.96800	426.0	25.0
566	113.0	3.412	4.96800	422.2	25.0
567	113.2	3.394	4.96900	418.4	25.0
568	113.4	3.393	4.96900	369.3	25.0
569	113.6	3.403	4.97000	366.4	25.0
570	113.8	3.400	4.97000	327.2	25.0
571	114.0	3.392	4.97100	324.8	25.0
572	114.2	3.389	4.97100	292.9	25.0
573	114.4	3.376	4.97200	291.0	25.0
574	114.6	3.364	4.97200	264.7	25.0
575	114.8	3.354	4.97300	263.1	25.0
576	115.0	3.346	4.97300	241.1	25.0
577	115.2	3.339	4.97400	241.5	25.0
578	115.4	3.334	4.97500	221.9	25.0
579	115.6	3.326	4.97500	207.0	25.0
580	115.8	3.319	4.97600	206.0	25.0
581	116.0	3.317	4.97600	192.6	25.0
582	116.2	3.324	4.97700	193.1	25.0
583	116.4	3.333	4.97800	180.5	25.0
584	116.6	3.336	4.97800	171.1	25.0
585	116.8	3.329	4.97900	171.7	25.0
586	117.0	3.312	4.98000	162.7	25.0
587	117.2	3.280	4.98000	156.4	25.0
588	117.4	3.280	4.98100	157.1	25.0
589	117.6	3.268	4.98200	151.5	25.0
590	117.8	3.256	4.98300	146.1	25.0
591	118.0	3.259	4.98300	143.1	25.0
592	118.2	3.272	4.98400	143.8	25.0
593	118.4	3.281	4.98400	140.0	25.0
594	118.6	3.285	4.98500	140.7	25.0
595	118.8	3.283	4.98500	137.6	25.0
596	119.0	3.270	4.98600	138.3	25.0
597	119.2	3.249	4.98700	135.9	25.0
598	119.4	3.248	4.98700	135.3	25.0
599	119.6	3.254	4.98800	136.1	25.0
600	119.8	3.255	4.98900	136.5	25.0
601	120.0	3.237	4.99000	137.0	25.0
602	120.2	3.227	4.99100	139.2	25.0
603	120.4	3.234	4.99100	142.9	25.0
604	120.6	3.241	4.99200	143.7	25.0
605	120.8	3.242	4.99300	147.9	25.0
606	121.0	3.232	4.99400	153.6	25.0
607	121.2	3.229	4.99500	160.2	25.0
608	121.4	3.229	4.99600	168.5	25.0
609	121.6	3.230	4.99700	177.8	25.0
610	121.8	3.222	4.99800	186.2	25.0
611	122.0	3.217	4.99900	197.6	25.0
612	122.2	3.215	5.00000	209.7	25.0
613	122.4	3.215	5.00100	222.3	25.0
614	122.6	3.212	5.00200	235.1	25.0
615	122.8	3.209	5.00300	249.7	25.0
616	123.0	3.188	5.00400	263.0	25.0
617	123.2	3.184	5.00500	274.6	25.0
618	123.4	3.185	5.00600	284.4	25.0
619	123.6	3.190	5.00700	289.0	25.0
620	123.8	3.186	5.00700	292.3	25.0
621	124.0	3.183	5.00800	292.4	25.0
622	124.2	3.177	5.00800	288.5	25.0
623	124.4	3.164	5.00900	288.6	25.0
624	124.6	3.162	5.01000	281.2	25.0
625	124.8	3.154	5.01000	276.7	25.0
626	125.0	3.151	5.01100	276.9	25.0
627	125.2	3.141	5.01200	270.8	25.0
628	125.4	3.136	5.01200	267.5	25.0
629	125.6	3.134	5.01300	265.2	25.0
630	125.8	3.133	5.01300	261.1	25.0
631	126.0	3.135	5.01300	259.0	25.0
632	126.2	3.144	5.01400	259.3	25.0
633	126.4	3.144	5.01500	251.6	25.0
634	126.6	3.145	5.01500	246.5	25.0
635	126.8	3.147	5.01600	244.6	25.0
636	127.0	3.140	5.01600	238.9	25.0
637	127.2	3.135	5.01700	239.4	25.0
638	127.4	3.136	5.01800	232.0	25.0
639	127.6	3.138	5.01800	227.4	25.0
640	127.8	3.142	5.01900	227.9	25.0
641	128.0	3.144	5.02000	221.4	25.0
642	128.2	3.149	5.02100	217.2	25.0
643	128.4	3.152	5.02200	214.2	25.0
644	128.6	3.152	5.02200	212.0	25.0
645	128.8	3.149	5.02300	212.5	25.0
646	129.0	3.147	5.02400	210.4	25.0
647	129.2	3.145	5.02500	208.9	25.0
648	129.4	3.137	5.02700	208.1	25.0
649	129.6	3.133	5.02800	207.9	25.0
650	129.8	3.128	5.02900	208.9	25.0
651	130.0	3.127	5.03000	212.3	25.0
652	130.2	3.129	5.03200	215.2	25.0
653	130.4	3.129	5.03300	223.2	25.0
654	130.6	3.124	5.03400	230.8	25.0
655	130.8	3.122	5.03500	237.5	25.0
656	131.0	3.117	5.03600	244.8	25.0
657	131.2	3.117	5.03700	250.0	25.0
658	131.4	3.117	5.03700	257.3	25.0
659	131.6	3.113	5.03800	257.7	25.0
660	131.8	3.110	5.03900	264.3	25.0
661	132.0	3.105	5.04000	271.1	25.0
662	132.2	3.096	5.04100	278.0	25.0
663	132.4	3.093	5.04200	282.4	25.0
664	132.6	3.092	5.04300	288.1	25.0
665	132.8	3.068	5.04300	294.2	25.0
666	133.0	3.070	5.04400	294.3	25.0
667	133.2	3.068	5.04400	296.2	25.0
668	133.4	3.074	5.04500	296.2	25.0
669	133.6	3.076	5.04500	295.4	25.0
670	133.8	3.075	5.04600	295.4	25.0
671	134.0	3.072	5.04600	292.0	25.0
672	134.2	3.071	5.04700	289.3	25.0
673	134.4	3.070	5.04700	285.2	25.0
674	134.6	3.061	5.04800	285.3	25.0
675	134.8	3.057	5.04800	277.2	25.0
676	135.0	3.058	5.04900	277.4	25.0
677	135.2	3.058	5.05000	267.7	25.0
678	135.4	3.057	5.05000	260.3	25.0
679	135.6	3.056	5.05100	260.6	25.0
680	135.8	3.055	5.05200	250.4	25.0
681	136.0	3.055	5.05300	242.9	25.0
682	136.2	3.051	5.05300	236.4	25.0
683	136.4	3.053	5.05400	236.8	25.0
684	136.6	3.050	5.05500	230.9	25.0
685	136.8	3.043	5.05600	225.7	25.0
686	137.0	3.040	5.05700	221.4	25.0
687	137.2	3.039	5.05800	217.7	25.0
688	137.4	3.034	5.05900	215.0	25.0
689	137.6	3.033	5.06000	213.5	25.0
690	137.8	3.027	5.06100	212.6	25.0
691	138.0	3.008	5.06200	212.7	25.0
692	138.2	2.974	5.06200	211.4	25.0
693	138.4	2.967	5.06200	210.1	25.0
694	138.6	2.985	5.06200	208.7	25.0
695	138.8	2.997	5.06200	207.3	25.0
696	139.0	3.008	5.06200	206.0	25.0
697	139.2	3.018	5.06200	204.7	25.0
698	139.4	3.025	5.06200	203.4	25.0
699	139.6	3.028	5.06300	202.1	25.0
700	139.8	3.019	5.06300	195.1	25.0
701	140.0	3.020	5.06400	195.7	25.0
702	140.2	3.021	5.06500	190.1	25.0
703	140.4	3.019	5.06600	184.5	25.0
704	140.6	3.015	5.06700	181.3	25.0
705	140.8	3.012	5.06800	179.3	25.0
706	141.0	3.011	5.06900	178.4	25.0
707	141.2	3.007	5.07000	178.5	25.0
708	141.4	3.008	5.07100	179.4	25.0
709	141.6	3.010	5.07200	182.8	25.0
710	141.8	3.011	5.07300	185.6	25.0
711	142.0	3.008	5.07400	189.0	25.0
712	142.2	3.004	5.07400	191.3	25.0
713	142.4	2.995	5.07400	190.2	25.0
714	142.6	2.992	5.07400	189.1	25.0
715	142.8	2.989	5.07400	188.0	25.0
716	143.0	2.986	5.07400	186.9	25.0
717	143.2	2.988	5.07400	185.8	25.0
718	143.4	2.987	5.07400	184.7	25.0
719	143.6	2.988	5.07400	183.7	25.0
720	143.8	2.989	5.07400	182.6	25.0
721	144.0	2.986	5.07400	181.6	25.0
722	144.2	2.983	5.07400	180.6	25.0
723	144.4	2.979	5.07400	179.5	25.0
724	144.6	2.976	5.07400	178.5	25.0
725	144.8	2.975	5.07400	177.6	25.0
726	145.0	2.973	5.07400	176.6	25.0
727	145.2	2.972	5.07400	175.6	25.0
728	145.4	2.971	5.07400	174.6	25.0
729	145.6	2.972	5.07400	173.7	25.0
730	145.8	2.963	5.07400	172.8	25.0
731	146.0	2.968	5.07400	171.8	25.0
732	146.2	2.972	5.07400	170.9	25.0
733	146.4	2.973	5.07400	170.0	25.0
734	146.6	2.973	5.07400	169.1	25.0
735	146.8	2.974	5.07400	168.2	25.0
736	147.0	2.974	5.07400	167.3	25.0
737	147.2	2.975	5.07400	166.5	25.0
738	147.4	2.975	5.07400	165.6	25.0
739	147.6	2.975	5.07400	164.8	25.0
740	147.8	2.975	5.07400	163.9	25.0
741	148.0	2.975	5.07400	163.1	25.0
742	148.2	2.975	5.07400	162.3	25.0
743	148.4	2.975	5.07400	161.4	25.0
744	148.6	2.975	5.07400	160.6	25.0
745	148.8	2.975	5.07400	159.8	25.0
746	149.0	2.974	5.07400	158.5	25.0
747	149.2	2.974	5.07400	156.5	25.0
748	149.4	2.974	5.07400	154.0	25.0
749	149.6	2.974	5.07400	150.6	25.0
750	149.8	2.975	5.07400	146.9	25.0
751	150.0	2.975	5.07400	142.5	25.0
752	150.2	2.975	5.07400	136.7	25.0
753	150.4	2.975	5.07400	129.3	25.0
754	150.6	2.975	5.07400	121.4	25.0
755	150.8	2.975	5.07400	113.8	25.0
756	151.0	2.975	5.07400	106.5	25.0
757	151.2	2.975	5.07400	99.4	25.0
758	151.4	2.975	5.07400	92.2	25.0
759	151.6	2.976	5.07400	84.4	25.0
760	151.8	2.976	5.07400	75.1	25.0
761	152.0	2.976	5.07400	62.9	25.0
762	152.2	2.976	5.07400	46.4	25.0
763	152.4	2.976	5.07400	34.0	25.0
764	152.6	2.976	5.07400	22.8	25.0
765	152.8	2.976	5.07400	13.3	25.0
766	153.0	2.976	5.07400	9.2	25.0
767	153.2	2.976	5.07400	9.0	25.0
768	153.4	2.976	5.07400	8.9	25.0
769	153.6	2.975	5.07400	8.7	25.0
770	153.8	2.975	5.07400	8.6	25.0
771	154.0	2.976	5.07400	8.4	25.0
$E
$E
$S DETERM V1
$S Props V1.1
Total_Alkalinity	modified	250129_Anoxia_V2-20250129-144353	2025-01-29 14:43:53+08:00	original	Regular without errors	23609731_Luka	11																												
$E
$S Results V1
$S Result 1C.R1 V1
Initial pH	7.7840		0
$E
$S Result 1C.R2 V1
AcidConc	0.1000	mol/L	0
$E
$E
$S Mode 1 V1
$S EP V1
5.0740	2.976		154.0	25.0
$E
$S Cal V1
$E
$E
$S Other Variables V1
$S System V1
393.0	11	7940	0			0		0
$E
$S Mode 1 V1.1
0.1	0.1	5.0740	377.5	0.5000	7.784	25.0	7.164	25.0	223.4	2.976	25.0				6.813	99.4		771			Regular stop
$E
$S Statistic V1
$E
$S ComVar local V1
$E
$S Titrant V1
$S Titrant1 V1
0.1 M HCl	0.1	mol/L	0.1	mol/L		2024-12-07 13:35:33
$E
$E
$S Sensor V1
$S Sensor1 V1.1
pH electrode	99.4	6.813	25.0	(manual)	2025-01-29 13:15:54+08:00	pH Calibration	23609731_Luka
$E
$E
$E
$S Calc Vars V1
$S Calc1 V1
$S R1 V1
MIM	7.784	
$E
$S R2 V1
CONC	0.1	
$E
$E
$E
$S Messages V1
$S Message1 V1.1
1	SET pH	014-002-3-255	Meas. point list overflow	327
$E
$E
$E
$S Methodproperties V1
Total_Alkalinity	modified	hug164	2020-10-15 09:18:30+08:00	23609731_Luka	2025-01-07 15:37:40+08:00	ver. 6																												
$E
$S Method V1
$S Methodoptions V1.1
off	2	off	Identification 1	Identification 2	on	off	on	10.0	mL	off	0	9999999999	off	30 s	on	Alkalinity method puts out a pclims report to 
card1.  A vba form in excel uses this lims
report to calculate alkalinity. Standardise
HCl titrant against 10ml of Na2CO3 (0.0025M)
and titrate as for samples. Calc. [HCl] mole/L
and enter this value in titrant concn in
pc control / system.	on	off	Card 1		Identification 1	on	on	off	on	on		**************	on
$E
$S 01	SET pH	Set endpoint titration pH
Titrando 1	off	30 s	150 s	0.5 mL	10 mL/min	10 s	60 s	3.00	optimal	2.000	10.00 mL/min	25.00 µL/min	drift	20 µL/min	10 s	off	optimal	2.000	10.00 mL/min	25.00 µL/min	drift	20 µL/min	10 s	auto	0 s	25.0 °C	0.2 s	100.000 mL	off	maximum	on	1	100.000 mL	1	pH electrode	off	4	0.1 M HCl	1	15	on	off	20 µL/min	off	0.0 µL/min	off	20.0000 mL	off	off
$E
$S 02	CALC	Calculation
$S R1
1	Initial pH	MIM	4		0	off	off	24	on	off	Round	off	0.0	9999999999	Display message	
The following variable is used:

EP1= Endpoint volume	
Please consider the information 
in the note under edit result.
$E
$S R2
2	AcidConc	CONC	4	mol/L	1	off	off	24	on	off	Round	off	invalid	invalid	Display message	
The following variable is used:

EP1= Endpoint volume	
Please consider the information 
in the note under edit result.
$E
$E
$S 03	REPORT	Report
$S Reportoptions V1
on each page	off	on
$E
$S Result report
on	on	off	off	on	off	on	on	on	off
$E
$S Curve
1	off	Time	Volume	blue	none	magenta	on	off	88 %	34 %
$E
$E
$E
$E
