$S PC/LIMS V1
$S Devices V1
$S device PC Control V1
P 3.0	S 2213520755
$E
$S device 841 Titrando V1
P 5.841.0014	S 02102
$S ADC1
ADC 3.770.0110	S 08679
$E
$S MSB1
$S 801
S 06255	
$E
$E
$S MSB4
$S 800
S 06203	
$E
$E
$E
$E
$S Sample data V1
241206_Anoxia_V2_4.78		10.0	mL
$E
$S MPL V1
$S Mode 1
1	0.0	6.046	20.00000	0.0	25.0
2	21.3	6.052	20.00000	0.0	25.0
3	22.0	6.052	20.01900	1661.5	25.0
4	24.0	6.045	20.11600	3203.5	25.0
5	26.0	6.041	20.27200	4523.5	25.0
6	28.0	6.020	20.47900	6054.8	25.0
7	30.0	6.002	20.73000	7394.4	25.0
8	32.0	5.963	21.02000	8588.6	25.0
9	34.0	5.952	21.34400	9649.5	25.0
10	36.0	5.912	21.67700	10065.1	25.0
11	38.0	5.921	22.01100	10000.3	25.0
12	40.0	5.904	22.34400	9989.3	25.0
13	42.0	5.863	22.67700	9992.0	25.0
14	44.0	5.860	23.01000	9999.0	25.0
15	46.0	5.792	23.34300	9991.1	25.0
16	48.0	5.789	23.67600	9998.5	25.0
17	50.0	5.725	24.00900	9992.5	25.0
18	52.0	5.545	24.34200	9996.8	25.0
19	54.0	5.675	24.67600	9993.0	25.0
20	56.0	5.581	25.00900	9992.7	25.0
21	58.0	5.557	25.34200	9995.2	25.0
22	60.0	5.605	25.67500	9988.8	25.0
23	62.0	5.557	26.00800	10000.7	25.0
24	64.0	5.556	26.34100	9991.2	25.0
25	66.0	5.486	26.67400	9996.2	25.0
26	68.0	5.526	27.00800	9993.0	25.0
27	70.0	5.437	27.34100	9990.8	25.0
28	72.0	5.421	27.67400	9997.4	25.0
29	74.0	5.362	28.00700	9989.6	25.0
30	76.0	5.371	28.34000	10003.6	25.0
31	78.0	5.312	28.67300	9991.9	25.0
32	80.0	5.219	29.00600	9999.9	25.0
33	82.0	5.263	29.34000	9991.0	25.0
34	84.0	5.124	29.67300	9991.8	25.0
35	86.0	5.147	30.00000	9997.4	25.0
36	107.3	5.425	30.01300	9963.9	25.0
37	108.0	5.424	30.13000	9734.5	25.0
38	110.0	5.276	30.46300	9913.7	25.0
39	112.0	5.048	30.79600	9991.2	25.0
40	114.0	4.826	31.07800	9341.7	25.0
41	116.0	5.116	31.23600	4584.0	25.0
42	118.0	5.221	31.32000	2900.6	25.0
43	120.0	5.253	31.44800	3296.3	25.0
44	122.0	5.121	31.63000	5315.4	25.0
45	124.0	5.141	31.86000	6747.3	25.0
46	126.0	4.993	32.11800	7965.8	25.0
47	128.0	4.985	32.36600	7624.9	25.0
48	130.0	4.986	32.61400	7659.7	25.0
49	132.0	4.802	32.91300	8470.8	25.0
50	134.0	4.883	33.11100	6863.3	25.0
51	136.0	4.846	33.36900	6807.0	25.0
52	138.0	4.837	33.66400	9073.5	25.0
53	140.0	4.745	33.93200	8199.6	25.0
54	142.0	4.598	34.18500	7645.2	25.0
55	144.0	4.672	34.30300	4003.5	25.0
56	146.0	4.554	34.47000	4333.7	25.0
57	148.0	4.386	34.57200	3962.1	25.0
58	150.0	4.491	34.64600	1771.6	25.0
59	152.0	4.459	34.76800	3404.4	25.0
60	154.0	4.476	34.95500	5419.6	25.0
61	156.0	4.178	35.04100	3717.2	25.0
62	158.0	4.353	35.06900	241.9	25.0
63	160.0	4.449	35.11500	1281.8	25.0
64	162.0	4.497	35.19000	2100.3	25.0
65	164.0	4.469	35.31300	3445.5	25.0
66	166.0	4.307	35.46500	5004.1	25.0
67	168.0	4.157	35.49700	1315.7	25.0
68	170.0	4.209	35.53300	848.8	25.0
69	172.0	4.282	35.59200	1645.5	25.0
70	174.0	4.191	35.68200	2683.1	25.0
71	176.0	4.205	35.77600	2745.5	25.0
72	178.0	4.089	35.86000	2964.4	25.0
73	180.0	4.101	35.92000	1452.0	25.0
74	182.0	3.932	35.99500	2514.7	25.0
75	184.0	3.973	36.01300	855.3	25.0
76	186.0	4.042	36.03900	630.9	25.0
77	188.0	4.000	36.08300	1224.0	25.0
78	190.0	3.989	36.15400	1998.4	25.0
79	192.0	3.922	36.24800	2869.2	25.0
80	194.0	3.887	36.30300	1849.2	25.0
81	196.0	3.899	36.37000	1772.5	25.0
82	198.0	3.815	36.44500	2433.0	25.0
83	200.0	3.797	36.47700	1072.0	25.0
84	202.0	3.808	36.52800	1348.5	25.0
85	204.0	3.802	36.59800	2082.4	25.0
86	206.0	3.763	36.66600	2110.1	25.0
87	208.0	3.788	36.73300	1991.0	25.0
88	210.0	3.640	36.78100	1733.8	25.0
89	212.0	3.724	36.79200	726.6	25.0
90	214.0	3.723	36.81000	342.7	25.0
91	216.0	3.724	36.84000	867.0	25.0
92	218.0	3.723	36.88900	1377.3	25.0
93	220.0	3.638	36.92900	1524.6	25.0
94	222.0	3.653	36.94500	522.1	25.0
95	224.0	3.658	36.97300	733.3	25.0
96	226.0	3.612	37.00900	1143.4	25.0
97	228.0	3.604	37.03500	774.6	25.0
98	230.0	3.603	37.07600	1179.2	25.0
99	232.0	3.568	37.11100	1213.5	25.0
100	234.0	3.578	37.14200	776.2	25.0
101	236.0	3.564	37.18400	1265.8	25.0
102	238.0	3.548	37.22500	1258.0	25.0
103	240.0	3.543	37.26600	1220.9	25.0
104	242.0	3.509	37.30100	1145.0	25.0
105	244.0	3.534	37.32700	715.3	25.0
106	246.0	3.517	37.36400	1097.4	25.0
107	248.0	3.460	37.39900	1126.1	25.0
108	250.0	3.483	37.41400	617.0	25.0
109	252.0	3.514	37.43800	597.9	25.0
110	254.0	3.485	37.47400	1049.7	25.0
111	256.0	3.464	37.49800	835.1	25.0
112	258.0	3.470	37.52700	751.4	25.0
113	260.0	3.472	37.56200	1064.9	25.0
114	262.0	3.461	37.59300	989.9	25.0
115	264.0	3.464	37.62300	831.5	25.0
116	266.0	3.449	37.65200	996.9	25.0
117	268.0	3.446	37.67500	633.9	25.0
118	270.0	3.431	37.70500	917.1	25.0
119	272.0	3.411	37.73500	919.3	25.0
120	274.0	3.437	37.76500	884.7	25.0
121	276.0	3.425	37.79600	927.1	25.0
122	278.0	3.419	37.82600	909.2	25.0
123	280.0	3.399	37.85600	878.7	25.0
124	282.0	3.404	37.88400	864.5	25.0
125	284.0	3.389	37.91400	873.9	25.0
126	286.0	3.381	37.94099	840.0	25.0
127	288.0	3.366	37.96900	820.6	25.0
128	290.0	3.367	37.99500	799.9	25.0
129	292.0	3.363	38.01800	749.5	25.0
130	294.0	3.356	38.04100	622.0	25.0
131	296.0	3.351	38.06700	806.1	25.0
132	298.0	3.347	38.09299	786.0	25.0
133	300.0	3.347	38.11900	763.5	25.0
134	302.0	3.335	38.14400	753.9	25.0
135	304.0	3.331	38.16899	738.1	25.0
136	306.0	3.318	38.18900	712.0	25.0
137	308.0	3.335	38.20100	442.2	25.0
138	310.0	3.334	38.22000	445.7	25.0
139	312.0	3.331	38.24400	771.8	25.0
140	314.0	3.306	38.26900	736.7	25.0
141	316.0	3.304	38.28800	599.8	25.0
142	318.0	3.325	38.31200	668.1	25.0
143	320.0	3.308	38.33500	722.5	25.0
144	322.0	3.305	38.35800	694.9	25.0
145	324.0	3.288	38.38100	687.8	25.0
146	326.0	3.286	38.40400	672.2	25.0
147	328.0	3.285	38.42599	676.9	25.0
148	330.0	3.282	38.44900	669.6	25.0
149	332.0	3.285	38.47100	666.7	25.0
150	334.0	3.284	38.49300	674.4	25.0
151	336.0	3.275	38.51500	661.9	25.0
152	338.0	3.265	38.53699	659.2	25.0
153	340.0	3.264	38.55900	652.3	25.0
154	342.0	3.273	38.58100	648.7	25.0
155	344.0	3.260	38.59600	588.4	25.0
156	346.0	3.274	38.60800	376.0	25.0
157	348.0	3.264	38.62600	433.5	25.0
158	350.0	3.257	38.64799	678.9	25.0
159	352.0	3.255	38.66899	625.3	25.0
160	354.0	3.256	38.68999	637.7	25.0
161	356.0	3.250	38.71100	634.9	25.0
162	358.0	3.241	38.73100	610.9	25.0
163	360.0	3.234	38.75200	632.5	25.0
164	362.0	3.222	38.77200	597.4	25.0
165	364.0	3.230	38.79200	600.0	25.0
166	366.0	3.227	38.81200	600.0	25.0
167	368.0	3.232	38.83200	600.0	25.0
168	370.0	3.222	38.85200	600.0	25.0
169	372.0	3.223	38.87200	600.0	25.0
170	374.0	3.217	38.89100	569.8	25.0
171	376.0	3.209	38.91100	595.5	25.0
172	378.0	3.190	38.93000	568.9	25.0
173	380.0	3.197	38.94900	569.2	25.0
174	382.0	3.200	38.96799	563.1	25.0
175	384.0	3.204	38.98700	566.6	25.0
176	386.0	3.204	39.00600	568.5	25.0
177	388.0	3.198	39.02500	564.3	25.0
178	390.0	3.201	39.04399	562.4	25.0
179	392.0	3.200	39.06300	561.1	25.0
180	394.0	3.189	39.08200	561.2	25.0
181	396.0	3.193	39.10000	563.9	25.0
182	398.0	3.184	39.11900	557.9	25.0
183	400.0	3.192	39.13700	559.4	25.0
184	402.0	3.186	39.15600	552.4	25.0
185	404.0	3.182	39.17400	553.3	25.0
186	406.0	3.172	39.19200	551.1	25.0
187	408.0	3.179	39.21100	543.8	25.0
188	410.0	3.173	39.22900	545.7	25.0
189	412.0	3.175	39.24700	543.6	25.0
190	414.0	3.171	39.26500	543.7	25.0
191	416.0	3.166	39.28300	539.6	25.0
192	418.0	3.135	39.30099	533.5	25.0
193	420.0	3.166	39.31100	416.0	25.0
194	422.0	3.165	39.32600	363.0	25.0
195	424.0	3.152	39.34400	552.5	25.0
196	426.0	3.155	39.36200	530.6	25.0
197	428.0	3.151	39.37900	525.1	25.0
198	430.0	3.150	39.39600	523.9	25.0
199	432.0	3.141	39.41400	524.4	25.0
200	434.0	3.136	39.43100	518.7	25.0
201	436.0	3.145	39.44800	520.2	25.0
202	438.0	3.140	39.46600	520.3	25.0
203	440.0	3.142	39.48300	516.8	25.0
204	442.0	3.141	39.50000	518.5	25.0
205	444.0	3.133	39.51700	513.3	25.0
206	446.0	3.138	39.53500	513.1	25.0
207	448.0	3.135	39.55200	516.8	25.0
208	450.0	3.133	39.56900	508.8	25.0
209	452.0	3.132	39.58600	508.5	25.0
210	454.0	3.124	39.60300	509.5	25.0
211	456.0	3.127	39.62000	508.7	25.0
212	458.0	3.119	39.63700	507.9	25.0
213	460.0	3.120	39.65300	501.7	25.0
214	462.0	3.119	39.67000	504.2	25.0
215	464.0	3.110	39.68700	499.9	25.0
216	466.0	3.116	39.70300	501.7	25.0
217	468.0	3.115	39.72000	499.2	25.0
218	470.0	3.112	39.73700	499.5	25.0
219	472.0	3.107	39.75300	504.4	25.0
220	474.0	3.104	39.77000	495.1	25.0
221	476.0	3.097	39.78699	496.1	25.0
222	478.0	3.101	39.80300	490.9	25.0
223	480.0	3.101	39.81900	493.9	25.0
224	482.0	3.095	39.83600	493.4	25.0
225	484.0	3.097	39.85200	490.1	25.0
226	486.0	3.084	39.86800	491.3	25.0
227	488.0	3.090	39.88500	488.7	25.0
228	490.0	3.092	39.90100	488.4	25.0
229	492.0	3.093	39.91700	490.4	25.0
230	494.0	3.080	39.93400	488.6	25.0
231	496.0	3.069	39.95000	486.5	25.0
232	498.0	3.085	39.96600	485.2	25.0
233	500.0	3.075	39.98200	484.0	25.0
234	502.0	3.085	39.99800	486.2	25.0
235	523.4	3.089	40.00100	484.6	25.0
236	524.0	3.089	40.00600	483.5	25.0
237	526.0	3.082	40.02200	484.2	25.0
238	528.0	3.079	40.03799	487.8	25.0
239	530.0	3.076	40.05400	480.2	25.0
240	532.0	3.075	40.07000	483.7	25.0
241	534.0	3.074	40.08599	479.9	25.0
242	536.0	3.075	40.10200	477.5	25.0
243	538.0	3.072	40.11800	486.6	25.0
244	540.0	3.070	40.13400	483.2	25.0
245	542.0	3.067	40.15000	480.3	25.0
246	544.0	3.067	40.16600	481.5	25.0
247	546.0	3.062	40.18200	481.5	25.0
248	548.0	3.064	40.19800	474.0	25.0
249	550.0	3.063	40.21400	477.2	25.0
250	552.0	3.056	40.23000	480.1	25.0
251	554.0	3.058	40.24599	474.9	25.0
252	556.0	3.055	40.26200	478.1	25.0
253	558.0	3.054	40.27800	475.6	25.0
254	560.0	3.057	40.29399	474.9	25.0
255	562.0	3.048	40.30899	476.7	25.0
256	564.0	3.046	40.32500	472.7	25.0
257	566.0	3.044	40.34100	472.6	25.0
258	568.0	3.047	40.35699	470.8	25.0
259	570.0	3.051	40.37300	472.9	25.0
260	572.0	3.042	40.38800	474.9	25.0
261	574.0	3.040	40.40400	472.1	25.0
262	576.0	3.041	40.41999	470.0	25.0
263	578.0	3.037	40.43600	471.5	25.0
264	580.0	3.037	40.45100	469.9	25.0
265	582.0	3.035	40.46700	471.0	25.0
266	584.0	3.031	40.48300	471.3	25.0
267	586.0	3.030	40.49800	472.4	25.0
268	588.0	3.029	40.51400	469.7	25.0
269	590.0	3.034	40.52999	470.0	25.0
270	592.0	3.034	40.54499	470.5	25.0
271	594.0	3.030	40.56100	471.5	25.0
272	596.0	3.019	40.57700	468.0	25.0
273	598.0	3.027	40.59200	469.9	25.0
274	600.0	3.019	40.60800	468.8	25.0
275	602.0	3.018	40.62400	470.0	25.0
276	604.0	3.016	40.63900	470.2	25.0
277	606.0	3.019	40.65499	469.0	25.0
278	608.0	3.017	40.67100	468.2	25.0
279	610.0	3.013	40.68600	468.9	25.0
280	612.0	3.014	40.70200	466.7	25.0
281	614.0	3.014	40.71700	469.0	25.0
282	616.0	3.011	40.73300	468.1	25.0
283	618.0	3.004	40.74900	469.2	25.0
284	620.0	3.006	40.76400	465.8	25.0
285	622.0	3.012	40.77999	469.6	25.0
286	624.0	3.006	40.79499	467.9	25.0
287	626.0	3.000	40.81000	468.6	25.0
288	628.0	3.003	40.82500	428.3	25.0
289	630.0	3.004	40.84100	459.3	25.0
290	632.0	3.001	40.85400	432.1	25.0
291	634.0	3.000	40.87000	434.8	25.0
292	636.0	2.998	40.87799	441.2	25.0
293	638.0	3.000	40.87900	358.9	25.0
294	640.0	3.002	40.89199	203.8	25.0
295	642.0	2.993	40.89799	226.3	25.0
296	644.0	2.999	40.89799	211.3	25.0
297	646.0	3.001	40.91000	175.3	25.0
298	648.0	2.999	40.91600	218.6	25.0
299	650.0	2.999	40.91600	204.6	25.0
300	652.0	3.000	40.91600	192.3	25.0
301	654.0	2.996	40.92500	127.7	25.0
302	656.0	2.999	40.92500	122.8	25.0
303	658.0	2.999	40.92500	118.3	25.0
304	660.0	3.000	40.92500	114.0	25.0
305	662.0	2.996	40.93500	86.0	25.0
306	664.0	2.998	40.93500	83.8	25.0
307	666.0	2.999	40.93500	81.6	25.0
308	668.0	3.000	40.93500	79.6	25.0
309	670.0	2.999	40.93500	66.2	25.0
310	672.0	2.999	40.93500	29.0	25.0
311	673.5	2.999	40.93500	8.5	25.0
$E
$E
$S DETERM V1
$S Props V1.1
Total_Alkalinity	modified	241206_Anoxia_V2-20241206-133353	2024-12-06 13:33:53+08:00	original	Regular without errors	23609731_Luka	16																												
$E
$S Results V1
$S Result 1C.R1 V1
Initial pH	7.7051		0
$E
$S Result 1C.R2 V1
AcidConc	0.0120	mol/L	0
$E
$E
$S Mode 1 V1
$S EP V1
40.9350	2.999		673.5	25.0
$E
$S Cal V1
$E
$E
$S Other Variables V1
$S System V1
1043.0	16	7871	0			0		0
$E
$S Mode 1 V1.1
0.01	0.01202470	40.9350	1035.3	20.0000	7.705	25.0	6.046	25.0	361.7	2.999	25.0				6.838	99.6		311			Regular stop
$E
$S Statistic V1
$E
$S ComVar local V1
$E
$S Titrant V1
$S Titrant1 V1
Hydrochloric Acid	0.01202470	mol/L	0.01	mol/L		2024-07-19 10:37:14
$E
$E
$S Sensor V1
$S Sensor1 V1.1
pH electrode	99.6	6.838	25.0	(manual)	2024-12-06 09:07:00+08:00	pH Calibration	23609731_Luka
$E
$E
$E
$S Calc Vars V1
$S Calc1 V1
$S R1 V1
MIM	7.705	
$E
$S R2 V1
CONC	0.01202470	
$E
$E
$E
$S Messages V1
$E
$E
$S Methodproperties V1
Total_Alkalinity	modified	hug164	2020-10-15 09:18:30+08:00	Luka23609731	2024-06-07 12:33:17+08:00	ver. 4																												
$E
$S Method V1
$S Methodoptions V1.1
off	2	off	Identification 1	Identification 2	on	off	on	10.0	mL	off	0	9999999999	off	30 s	on	Alkalinity method puts out a pclims report to 
card1.  A vba form in excel uses this lims
report to calculate alkalinity. Standardise
HCl titrant against 10ml of Na2CO3 (0.0025M)
and titrate as for samples. Calc. [HCl] mole/L
and enter this value in titrant concn in
pc control / system.	on	off	Card 1		Identification 1	on	on	off	on	on		**************	on
$E
$S 01	SET pH	Set endpoint titration pH
Titrando 1	off	30 s	150 s	20 mL	10 mL/min	10 s	60 s	3.00	optimal	2.000	10.00 mL/min	25.00 µL/min	drift	20 µL/min	10 s	off	optimal	2.000	10.00 mL/min	25.00 µL/min	drift	20 µL/min	10 s	auto	0 s	25.0 °C	2.0 s	100.000 mL	off	maximum	on	1	100.000 mL	1	pH electrode	off	4	Hydrochloric Acid	1	15	on	off	20 µL/min	off	0.0 µL/min	off	20.0000 mL	off	off
$E
$S 02	CALC	Calculation
$S R1
1	Initial pH	MIM	4		0	off	off	24	on	off	Round	off	0.0	9999999999	Display message	
The following variable is used:

EP1= Endpoint volume	
Please consider the information 
in the note under edit result.
$E
$S R2
2	AcidConc	CONC	4	mol/L	1	off	off	24	on	off	Round	off	invalid	invalid	Display message	
The following variable is used:

EP1= Endpoint volume	
Please consider the information 
in the note under edit result.
$E
$E
$S 03	REPORT	Report
$S Reportoptions V1
on each page	off	on
$E
$S Result report
on	on	off	off	on	off	on	on	on	off
$E
$S Curve
1	off	Time	Volume	blue	none	magenta	on	off	88 %	34 %
$E
$E
$E
$E
