$S PC/LIMS V1
$S Devices V1
$S device PC Control V1
P 3.0	S 2213520755
$E
$S device 841 Titrando V1
P 5.841.0014	S 02102
$S ADC1
ADC 3.770.0110	S 08679
$E
$S MSB1
$S 801
S 06255	
$E
$E
$S MSB4
$S 800
S 06203	
$E
$E
$E
$E
$S Sample data V1
250129_Anoxia_3.6.169		10.0	mL
$E
$S MPL V1
$S Mode 1
1	0.0	5.595	0.20000	0.0	25.0
2	0.2	5.595	0.20300	0.0	25.0
3	0.4	5.595	0.20700	1245.0	25.0
4	0.6	5.595	0.21300	1467.9	25.0
5	0.8	5.596	0.21900	1730.4	25.0
6	1.0	5.595	0.22500	1829.8	25.0
7	1.2	5.596	0.23300	1932.6	25.0
8	1.4	5.595	0.24100	2113.1	25.0
9	1.6	5.595	0.25000	2252.8	25.0
10	1.8	5.592	0.25900	2404.0	25.0
11	2.0	5.586	0.26900	2553.3	25.0
12	2.2	5.421	0.28000	2715.5	25.0
13	2.4	5.417	0.29100	2872.7	25.0
14	2.6	5.245	0.30300	3006.9	25.0
15	2.8	5.200	0.31600	3141.8	25.0
16	3.0	5.190	0.32900	3286.2	25.0
17	3.2	5.137	0.34300	3433.0	25.0
18	3.4	5.021	0.35700	3577.5	25.0
19	3.6	4.848	0.36700	3709.9	25.0
20	3.8	4.361	0.37100	3734.7	25.0
21	4.0	4.244	0.37300	3629.8	25.0
22	4.2	4.102	0.37400	3437.1	25.0
23	4.4	4.022	0.37400	3262.6	25.0
24	4.6	3.951	0.37400	3196.3	25.0
25	4.8	3.875	0.37500	3138.7	25.0
26	5.0	3.800	0.37500	2884.7	25.0
27	5.2	3.766	0.37500	2833.2	25.0
28	5.4	3.738	0.37500	2783.6	25.0
29	5.6	3.708	0.37500	2735.6	25.0
30	5.8	3.671	0.37600	2689.3	25.0
31	6.0	3.635	0.37600	2344.5	25.0
32	6.2	3.623	0.37600	2310.5	25.0
33	6.4	3.613	0.37600	2277.6	25.0
34	6.6	3.602	0.37600	2245.6	25.0
35	6.8	3.592	0.37600	2214.4	25.0
36	7.0	3.558	0.37700	2188.3	25.0
37	7.2	3.529	0.37700	1862.3	25.0
38	7.4	3.514	0.37700	1840.9	25.0
39	7.6	3.497	0.37700	1820.0	25.0
40	7.8	3.489	0.37800	1799.6	25.0
41	8.0	3.480	0.37800	1489.4	25.0
42	8.2	3.474	0.37800	1474.9	25.0
43	8.4	3.464	0.37800	1460.7	25.0
44	8.6	3.457	0.37900	1449.7	25.0
45	8.8	3.447	0.37900	1203.2	25.0
46	9.0	3.432	0.37900	1193.1	25.0
47	9.2	3.421	0.38000	1185.8	25.0
48	9.4	3.422	0.38000	990.5	25.0
49	9.6	3.423	0.38100	983.2	25.0
50	9.8	3.423	0.38100	829.2	25.0
51	10.0	3.420	0.38100	823.7	25.0
52	10.2	3.418	0.38200	820.3	25.0
53	10.4	3.417	0.38200	694.3	25.0
54	10.6	3.418	0.38300	692.0	25.0
55	10.8	3.408	0.38300	588.7	25.0
56	11.0	3.407	0.38400	587.1	25.0
57	11.2	3.405	0.38400	500.9	25.0
58	11.4	3.403	0.38500	499.9	25.0
59	11.6	3.400	0.38600	427.0	25.0
60	11.8	3.396	0.38600	366.7	25.0
61	12.0	3.394	0.38700	366.4	25.0
62	12.2	3.392	0.38800	313.8	25.0
63	12.4	3.392	0.38900	269.9	25.0
64	12.6	3.392	0.38900	232.1	25.0
65	12.8	3.389	0.39000	232.4	25.0
66	13.0	3.386	0.39100	199.4	25.0
67	13.2	3.380	0.39200	170.9	25.0
68	13.4	3.374	0.39300	146.4	25.0
69	13.6	3.370	0.39400	125.6	25.0
70	13.8	3.372	0.39500	107.8	25.0
71	14.0	3.367	0.39600	93.3	25.0
72	14.2	3.349	0.39800	81.7	25.0
73	14.4	3.334	0.39900	66.3	25.0
74	14.6	3.325	0.40000	64.5	25.0
75	14.8	3.316	0.40100	64.7	25.0
76	15.0	3.317	0.40200	66.4	25.0
77	15.2	3.314	0.40200	73.2	25.0
78	15.4	3.311	0.40300	72.8	25.0
79	15.6	3.304	0.40300	82.7	25.0
80	15.8	3.292	0.40400	83.9	25.0
81	16.0	3.292	0.40400	95.4	25.0
82	16.2	3.293	0.40500	96.6	25.0
83	16.4	3.292	0.40500	111.2	25.0
84	16.6	3.292	0.40600	112.4	25.0
85	16.8	3.289	0.40700	128.8	25.0
86	17.0	3.285	0.40700	149.9	25.0
87	17.2	3.282	0.40800	150.9	25.0
88	17.4	3.277	0.40900	171.4	25.0
89	17.6	3.264	0.41000	194.4	25.0
90	17.8	3.261	0.41000	217.4	25.0
91	18.0	3.258	0.41100	218.0	25.0
92	18.2	3.256	0.41200	238.8	25.0
93	18.4	3.253	0.41300	256.5	25.0
94	18.6	3.251	0.41400	266.5	25.0
95	18.8	3.250	0.41500	275.3	25.0
96	19.0	3.250	0.41600	280.3	25.0
97	19.2	3.243	0.41700	282.9	25.0
98	19.4	3.235	0.41700	282.5	25.0
99	19.6	3.208	0.41800	282.7	25.0
100	19.8	3.209	0.41900	277.9	25.0
101	20.0	3.215	0.42000	267.9	25.0
102	20.2	3.220	0.42000	258.6	25.0
103	20.4	3.217	0.42100	256.5	25.0
104	20.6	3.207	0.42100	247.8	25.0
105	20.8	3.198	0.42200	248.2	25.0
106	21.0	3.200	0.42300	239.2	25.0
107	21.2	3.194	0.42300	234.0	25.0
108	21.4	3.186	0.42400	234.5	25.0
109	21.6	3.187	0.42500	227.9	25.0
110	21.8	3.183	0.42500	224.2	25.0
111	22.0	3.180	0.42600	224.7	25.0
112	22.2	3.180	0.42700	219.5	25.0
113	22.4	3.177	0.42800	216.9	25.0
114	22.6	3.175	0.42800	215.2	25.0
115	22.8	3.174	0.42900	215.8	25.0
116	23.0	3.173	0.43000	214.5	25.0
117	23.2	3.171	0.43100	214.4	25.0
118	23.4	3.168	0.43200	215.0	25.0
119	23.6	3.161	0.43300	216.3	25.0
120	23.8	3.156	0.43400	218.4	25.0
121	24.0	3.146	0.43500	221.0	25.0
122	24.2	3.146	0.43600	224.4	25.0
123	24.4	3.147	0.43700	228.2	25.0
124	24.6	3.136	0.43800	232.5	25.0
125	24.8	3.139	0.43900	234.9	25.0
126	25.0	3.143	0.43900	239.0	25.0
127	25.2	3.141	0.44000	239.4	25.0
128	25.4	3.133	0.44100	240.7	25.0
129	25.6	3.125	0.44200	243.6	25.0
130	25.8	3.118	0.44200	246.8	25.0
131	26.0	3.111	0.44300	247.2	25.0
132	26.2	3.106	0.44400	246.8	25.0
133	26.4	3.107	0.44400	247.9	25.0
134	26.6	3.108	0.44500	248.3	25.0
135	26.8	3.110	0.44500	245.7	25.0
136	27.0	3.109	0.44600	246.2	25.0
137	27.2	3.106	0.44700	241.8	25.0
138	27.4	3.104	0.44700	239.4	25.0
139	27.6	3.102	0.44800	239.8	25.0
140	27.8	3.092	0.44900	237.5	25.0
141	28.0	3.085	0.45000	233.5	25.0
142	28.2	3.080	0.45100	232.0	25.0
143	28.4	3.080	0.45100	231.4	25.0
144	28.6	3.082	0.45200	231.9	25.0
145	28.8	3.080	0.45300	231.3	25.0
146	29.0	3.083	0.45400	229.2	25.0
147	29.2	3.081	0.45500	229.2	25.0
148	29.4	3.075	0.45600	229.5	25.0
149	29.6	3.068	0.45700	230.6	25.0
150	29.8	3.064	0.45700	231.8	25.0
151	30.0	3.060	0.45800	232.3	25.0
152	30.2	3.054	0.45900	233.0	25.0
153	30.4	3.049	0.46000	232.1	25.0
154	30.6	3.053	0.46000	232.7	25.0
155	30.8	3.055	0.46100	233.2	25.0
156	31.0	3.051	0.46200	231.0	25.0
157	31.2	3.046	0.46300	230.4	25.0
158	31.4	3.043	0.46300	230.3	25.0
159	31.6	3.041	0.46400	230.8	25.0
160	31.8	3.038	0.46500	230.1	25.0
161	32.0	3.036	0.46600	227.7	25.0
162	32.2	3.033	0.46700	227.5	25.0
163	32.4	3.028	0.46700	227.9	25.0
164	32.6	3.026	0.46800	228.4	25.0
165	32.8	3.022	0.46900	228.7	25.0
166	33.0	3.019	0.47000	229.6	25.0
167	33.2	3.020	0.47100	229.0	25.0
168	33.4	3.021	0.47200	230.4	25.0
169	33.6	3.022	0.47300	232.5	25.0
170	33.8	3.020	0.47300	235.0	25.0
171	34.0	3.016	0.47400	235.4	25.0
172	34.2	3.012	0.47500	237.8	25.0
173	34.4	3.011	0.47600	240.5	25.0
174	34.6	2.999	0.47700	243.5	25.0
175	34.8	3.000	0.47700	244.5	25.0
176	35.0	3.003	0.47700	242.6	25.0
177	35.2	3.003	0.47700	240.8	25.0
178	35.4	3.001	0.47700	239.0	25.0
179	35.6	2.999	0.47700	237.2	25.0
180	35.8	2.998	0.47700	235.5	25.0
181	36.0	2.994	0.47700	233.8	25.0
182	36.2	2.991	0.47700	232.1	25.0
183	36.4	2.989	0.47700	230.4	25.0
184	36.6	2.988	0.47700	228.8	25.0
185	36.8	2.988	0.47700	227.2	25.0
186	37.0	2.988	0.47700	225.6	25.0
187	37.2	2.986	0.47700	224.0	25.0
188	37.4	2.985	0.47700	222.4	25.0
189	37.6	2.983	0.47700	220.9	25.0
190	37.8	2.980	0.47700	219.4	25.0
191	38.0	2.978	0.47700	217.9	25.0
192	38.2	2.977	0.47700	216.4	25.0
193	38.4	2.978	0.47700	215.0	25.0
194	38.6	2.978	0.47700	213.5	25.0
195	38.8	2.978	0.47700	212.1	25.0
196	39.0	2.978	0.47700	210.7	25.0
197	39.2	2.979	0.47700	209.3	25.0
198	39.4	2.979	0.47700	208.0	25.0
199	39.6	2.978	0.47700	206.6	25.0
200	39.8	2.978	0.47700	205.3	25.0
201	40.0	2.977	0.47700	204.0	25.0
202	40.2	2.977	0.47700	202.7	25.0
203	40.4	2.977	0.47700	201.4	25.0
204	40.6	2.977	0.47700	200.2	25.0
205	40.8	2.977	0.47700	198.9	25.0
206	41.0	2.977	0.47700	197.7	25.0
207	41.2	2.977	0.47700	196.5	25.0
208	41.4	2.976	0.47700	195.3	25.0
209	41.6	2.976	0.47700	193.2	25.0
210	41.8	2.976	0.47700	189.6	25.0
211	42.0	2.976	0.47700	184.8	25.0
212	42.2	2.976	0.47700	178.6	25.0
213	42.4	2.976	0.47700	171.9	25.0
214	42.6	2.975	0.47700	163.9	25.0
215	42.8	2.975	0.47700	155.1	25.0
216	43.0	2.975	0.47700	146.5	25.0
217	43.2	2.975	0.47700	137.6	25.0
218	43.4	2.975	0.47700	128.0	25.0
219	43.6	2.975	0.47700	117.8	25.0
220	43.8	2.975	0.47700	107.2	25.0
221	44.0	2.975	0.47700	95.3	25.0
222	44.2	2.975	0.47700	82.7	25.0
223	44.4	2.974	0.47700	69.8	25.0
224	44.6	2.974	0.47700	57.2	25.0
225	44.8	2.974	0.47700	44.8	25.0
226	45.0	2.974	0.47700	33.1	25.0
227	45.2	2.974	0.47700	22.6	25.0
228	45.4	2.975	0.47700	13.3	25.0
229	45.6	2.974	0.47700	9.2	25.0
230	45.8	2.975	0.47700	9.0	25.0
231	46.0	2.974	0.47700	8.9	25.0
232	46.2	2.974	0.47700	8.7	25.0
233	46.4	2.974	0.47700	8.6	25.0
234	46.6	2.974	0.47700	8.4	25.0
$E
$E
$S DETERM V1
$S Props V1.1
Total_Alkalinity	modified	250129_Anoxia_3.-20250129-135741	2025-01-29 13:57:41+08:00	original	Regular without errors	23609731_Luka	7																												
$E
$S Results V1
$S Result 1C.R1 V1
Initial pH	6.3948		0
$E
$S Result 1C.R2 V1
AcidConc	0.1000	mol/L	0
$E
$E
$S Mode 1 V1
$S EP V1
0.4770	2.974		46.6	25.0
$E
$S Cal V1
$E
$E
$S Other Variables V1
$S System V1
276.0	7	7936	0			0		0
$E
$S Mode 1 V1.1
0.1	0.1	0.4770	268.3	0.2000	6.395	25.0	5.595	25.0	221.7	2.974	25.0				6.813	99.4		234			Regular stop
$E
$S Statistic V1
$E
$S ComVar local V1
$E
$S Titrant V1
$S Titrant1 V1
0.1 M HCl	0.1	mol/L	0.1	mol/L		2024-12-07 13:35:33
$E
$E
$S Sensor V1
$S Sensor1 V1.1
pH electrode	99.4	6.813	25.0	(manual)	2025-01-29 13:15:54+08:00	pH Calibration	23609731_Luka
$E
$E
$E
$S Calc Vars V1
$S Calc1 V1
$S R1 V1
MIM	6.395	
$E
$S R2 V1
CONC	0.1	
$E
$E
$E
$S Messages V1
$E
$E
$S Methodproperties V1
Total_Alkalinity	modified	hug164	2020-10-15 09:18:30+08:00	23609731_Luka	2025-01-07 15:37:40+08:00	ver. 6																												
$E
$S Method V1
$S Methodoptions V1.1
off	2	off	Identification 1	Identification 2	on	off	on	10.0	mL	off	0	9999999999	off	30 s	on	Alkalinity method puts out a pclims report to 
card1.  A vba form in excel uses this lims
report to calculate alkalinity. Standardise
HCl titrant against 10ml of Na2CO3 (0.0025M)
and titrate as for samples. Calc. [HCl] mole/L
and enter this value in titrant concn in
pc control / system.	on	off	Card 1		Identification 1	on	on	off	on	on		**************	on
$E
$S 01	SET pH	Set endpoint titration pH
Titrando 1	off	30 s	150 s	0.2 mL	10 mL/min	10 s	60 s	3.00	optimal	2.000	10.00 mL/min	25.00 µL/min	drift	20 µL/min	10 s	off	optimal	2.000	10.00 mL/min	25.00 µL/min	drift	20 µL/min	10 s	auto	0 s	25.0 °C	0.2 s	100.000 mL	off	maximum	on	1	100.000 mL	1	pH electrode	off	4	0.1 M HCl	1	15	on	off	20 µL/min	off	0.0 µL/min	off	20.0000 mL	off	off
$E
$S 02	CALC	Calculation
$S R1
1	Initial pH	MIM	4		0	off	off	24	on	off	Round	off	0.0	9999999999	Display message	
The following variable is used:

EP1= Endpoint volume	
Please consider the information 
in the note under edit result.
$E
$S R2
2	AcidConc	CONC	4	mol/L	1	off	off	24	on	off	Round	off	invalid	invalid	Display message	
The following variable is used:

EP1= Endpoint volume	
Please consider the information 
in the note under edit result.
$E
$E
$S 03	REPORT	Report
$S Reportoptions V1
on each page	off	on
$E
$S Result report
on	on	off	off	on	off	on	on	on	off
$E
$S Curve
1	off	Time	Volume	blue	none	magenta	on	off	88 %	34 %
$E
$E
$E
$E
