$S PC/LIMS V1
$S Devices V1
$S device PC Control V1
P 3.0	S 2213520755
$E
$S device 841 Titrando V1
P 5.841.0014	S 02102
$S ADC1
ADC 3.770.0110	S 08679
$E
$S MSB1
$S 801
S 06255	
$E
$E
$S MSB4
$S 800
S 06203	
$E
$E
$E
$E
$S Sample data V1
241216_Anoxia_V2_2.166		10.0	mL
$E
$S MPL V1
$S Mode 1
1	0.0	7.576	0.00000	0.0	25.0
2	0.1	7.576	0.00100	0.0	25.0
3	0.2	7.576	0.00200	0.0	25.0
4	0.3	7.577	0.00400	600.0	25.0
5	0.4	7.577	0.00600	1005.0	25.0
6	0.5	7.577	0.00700	1157.1	25.0
7	0.6	7.577	0.00900	998.6	25.0
8	0.7	7.577	0.01100	1028.6	25.0
9	0.8	7.577	0.01300	1082.1	25.0
10	0.9	7.577	0.01500	1127.7	25.0
11	1.0	7.577	0.01700	1161.4	25.0
12	1.1	7.577	0.01900	1185.2	25.0
13	1.2	7.577	0.02200	1201.6	25.0
14	1.3	7.577	0.02400	1272.2	25.0
15	1.4	7.577	0.02700	1305.7	25.0
16	1.5	7.577	0.03000	1364.8	25.0
17	1.6	7.576	0.03300	1431.0	25.0
18	1.7	7.576	0.03600	1495.3	25.0
19	1.8	7.575	0.04000	1554.0	25.0
20	1.9	7.574	0.04300	1635.7	25.0
21	2.0	7.573	0.04700	1698.3	25.0
22	2.1	7.571	0.05100	1771.3	25.0
23	2.2	7.571	0.05500	1846.8	25.0
24	2.3	7.571	0.06000	1920.3	25.0
25	2.4	7.572	0.06400	2008.8	25.0
26	2.5	7.572	0.06900	2085.5	25.0
27	2.6	7.572	0.07400	2168.3	25.0
28	2.7	7.572	0.07800	2252.4	25.0
29	2.8	7.572	0.08400	2320.3	25.0
30	2.9	7.572	0.08900	2402.1	25.0
31	3.0	7.569	0.09400	2478.6	25.0
32	3.1	7.565	0.10000	2549.4	25.0
33	3.2	7.560	0.10600	2625.6	25.0
34	3.3	7.555	0.11100	2703.8	25.0
35	3.4	7.550	0.11800	2771.9	25.0
36	3.5	7.547	0.12400	2850.0	25.0
37	3.6	7.546	0.13000	2925.0	25.0
38	3.7	7.545	0.13700	2996.3	25.0
39	3.8	7.541	0.14300	3071.5	25.0
40	3.9	7.537	0.15000	3140.9	25.0
41	4.0	7.531	0.15700	3211.9	25.0
42	4.1	7.527	0.16400	3283.2	25.0
43	4.2	7.524	0.17100	3353.5	25.0
44	4.3	7.522	0.17800	3422.2	25.0
45	4.4	7.518	0.18600	3488.6	25.0
46	4.5	7.513	0.19300	3558.2	25.0
47	4.6	7.508	0.20100	3623.9	25.0
48	4.7	7.504	0.20900	3716.8	25.0
49	4.8	7.498	0.21700	3810.0	25.0
50	4.9	7.492	0.22500	3903.0	25.0
51	5.0	7.485	0.23300	3992.6	25.0
52	5.1	7.479	0.24200	4078.3	25.0
53	5.2	7.474	0.25000	4167.8	25.0
54	5.3	7.471	0.25900	4252.4	25.0
55	5.4	7.467	0.26800	4337.4	25.0
56	5.5	7.461	0.27700	4422.2	25.0
57	5.6	7.455	0.28600	4506.3	25.0
58	5.7	7.451	0.29500	4589.5	25.0
59	5.8	7.448	0.30400	4671.5	25.0
60	5.9	7.440	0.31400	4749.8	25.0
61	6.0	7.433	0.32300	4832.2	25.0
62	6.1	7.428	0.33300	4910.3	25.0
63	6.2	7.424	0.34300	4989.6	25.0
64	6.3	7.420	0.35300	5069.8	25.0
65	6.4	7.416	0.36300	5150.5	25.0
66	6.5	7.412	0.37300	5228.9	25.0
67	6.6	7.411	0.38300	5307.4	25.0
68	6.7	7.406	0.39400	5383.5	25.0
69	6.8	7.399	0.40400	5462.5	25.0
70	6.9	7.393	0.41500	5538.5	25.0
71	7.0	7.386	0.42500	5614.3	25.0
72	7.1	7.381	0.43600	5686.5	25.0
73	7.2	7.375	0.44700	5758.4	25.0
74	7.3	7.367	0.45800	5829.4	25.0
75	7.4	7.360	0.46900	5902.0	25.0
76	7.5	7.353	0.48100	5971.1	25.0
77	7.6	7.348	0.49200	6044.4	25.0
78	7.7	7.341	0.50400	6115.9	25.0
79	7.8	7.333	0.51500	6188.6	25.0
80	7.9	7.324	0.52700	6256.4	25.0
81	8.0	7.314	0.53900	6327.6	25.0
82	8.1	7.304	0.55100	6396.8	25.0
83	8.2	7.295	0.56300	6466.0	25.0
84	8.3	7.287	0.57500	6535.1	25.0
85	8.4	7.281	0.58700	6601.3	25.0
86	8.5	7.275	0.60000	6667.1	25.0
87	8.6	7.271	0.61200	6735.4	25.0
88	8.7	7.268	0.62500	6800.2	25.0
89	8.8	7.262	0.63800	6867.0	25.0
90	8.9	7.254	0.65000	6935.4	25.0
91	9.0	7.238	0.66300	6999.5	25.0
92	9.1	7.226	0.67600	7062.7	25.0
93	9.2	7.219	0.68900	7127.2	25.0
94	9.3	7.214	0.70300	7190.3	25.0
95	9.4	7.209	0.71600	7257.4	25.0
96	9.5	7.200	0.72900	7322.2	25.0
97	9.6	7.194	0.74300	7384.6	25.0
98	9.7	7.189	0.75600	7450.5	25.0
99	9.8	7.181	0.77000	7511.0	25.0
100	9.9	7.171	0.78400	7574.6	25.0
101	10.0	7.159	0.79800	7638.2	25.0
102	10.1	7.148	0.81200	7701.4	25.0
103	10.2	7.135	0.82600	7764.0	25.0
104	10.3	7.120	0.84000	7825.6	25.0
105	10.4	7.107	0.85400	7886.1	25.0
106	10.5	7.096	0.86900	7945.7	25.0
107	10.6	7.081	0.88300	8007.1	25.0
108	10.7	7.069	0.89800	8066.9	25.0
109	10.8	7.066	0.91200	8128.0	25.0
110	10.9	7.060	0.92700	8184.5	25.0
111	11.0	7.050	0.94200	8242.0	25.0
112	11.1	7.042	0.95700	8300.0	25.0
113	11.2	7.038	0.97200	8358.3	25.0
114	11.3	7.034	0.98700	8416.8	25.0
115	11.4	7.029	1.00200	8472.7	25.0
116	11.5	7.022	1.01700	8528.2	25.0
117	11.6	7.006	1.03300	8580.9	25.0
118	11.7	6.989	1.04800	8638.8	25.0
119	11.8	6.975	1.06400	8693.5	25.0
120	11.9	6.961	1.07900	8750.6	25.0
121	12.0	6.951	1.09500	8803.9	25.0
122	12.1	6.941	1.11100	8859.4	25.0
123	12.2	6.933	1.12700	8914.1	25.0
124	12.3	6.925	1.14300	8970.0	25.0
125	12.4	6.909	1.15900	9024.4	25.0
126	12.5	6.894	1.17500	9079.6	25.0
127	12.6	6.882	1.19100	9133.1	25.0
128	12.7	6.875	1.20800	9184.6	25.0
129	12.8	6.869	1.22400	9239.7	25.0
130	12.9	6.863	1.24100	9292.2	25.0
131	13.0	6.864	1.25700	9347.6	25.0
132	13.1	6.865	1.27400	9400.1	25.0
133	13.2	6.862	1.29000	9452.9	25.0
134	13.3	6.858	1.30700	9502.4	25.0
135	13.4	6.857	1.32400	9551.9	25.0
136	13.5	6.855	1.34000	9601.1	25.0
137	13.6	6.852	1.35700	9646.6	25.0
138	13.7	6.845	1.37400	9692.1	25.0
139	13.8	6.844	1.39000	9737.3	25.0
140	13.9	6.840	1.40700	9776.7	25.0
141	14.0	6.827	1.42400	9813.7	25.0
142	14.1	6.815	1.44000	9850.5	25.0
143	14.2	6.804	1.45700	9881.6	25.0
144	14.3	6.788	1.47400	9910.9	25.0
145	14.4	6.782	1.49000	9940.7	25.0
146	14.5	6.780	1.50700	9963.2	25.0
147	14.6	6.774	1.52400	9984.6	25.0
148	14.7	6.759	1.54000	10004.7	25.0
149	14.8	6.735	1.55700	10018.2	25.0
150	14.9	6.711	1.57400	10031.3	25.0
151	15.0	6.699	1.59000	10044.3	25.0
152	15.1	6.689	1.60700	10051.8	25.0
153	15.2	6.686	1.62400	10057.7	25.0
154	15.3	6.684	1.64000	10064.6	25.0
155	15.4	6.682	1.65700	10064.6	25.0
156	15.5	6.678	1.67400	10066.7	25.0
157	15.6	6.671	1.69000	10068.6	25.0
158	15.7	6.664	1.70700	10064.9	25.0
159	15.8	6.649	1.72400	10061.9	25.0
160	15.9	6.629	1.74000	10059.8	25.0
161	16.0	6.611	1.75700	10053.2	25.0
162	16.1	6.598	1.77300	10048.7	25.0
163	16.2	6.590	1.79000	10040.9	25.0
164	16.3	6.583	1.80700	10033.7	25.0
165	16.4	6.577	1.82300	10029.5	25.0
166	16.5	6.571	1.84000	10020.7	25.0
167	16.6	6.561	1.85700	10015.9	25.0
168	16.7	6.554	1.87300	10012.8	25.0
169	16.8	6.555	1.89000	10006.1	25.0
170	16.9	6.556	1.90700	10001.7	25.0
171	17.0	6.553	1.92300	9999.8	25.0
172	17.1	6.550	1.94000	9994.7	25.0
173	17.2	6.547	1.95700	9992.9	25.0
174	17.3	6.539	1.97300	9994.2	25.0
175	17.4	6.530	1.99000	9990.5	25.0
176	17.5	6.521	2.00700	9990.4	25.0
177	17.6	6.511	2.02300	9991.2	25.0
178	17.7	6.499	2.04000	9989.6	25.0
179	17.8	6.485	2.05700	9989.3	25.0
180	17.9	6.476	2.07300	9992.5	25.0
181	18.0	6.468	2.09000	9991.1	25.0
182	18.1	6.459	2.10700	9991.0	25.0
183	18.2	6.456	2.12300	9994.3	25.0
184	18.3	6.452	2.14000	9993.1	25.0
185	18.4	6.447	2.15700	9993.0	25.0
186	18.5	6.434	2.17300	9996.5	25.0
187	18.6	6.420	2.19000	9995.2	25.0
188	18.7	6.408	2.20700	9995.2	25.0
189	18.8	6.397	2.22300	9998.6	25.0
190	18.9	6.387	2.24000	9997.4	25.0
191	19.0	6.380	2.25700	9997.3	25.0
192	19.1	6.368	2.27300	10000.7	25.0
193	19.2	6.361	2.29000	9999.4	25.0
194	19.3	6.360	2.30700	9999.2	25.0
195	19.4	6.361	2.32300	10002.4	25.0
196	19.5	6.362	2.34000	10001.0	25.0
197	19.6	6.359	2.35600	10000.6	25.0
198	19.7	6.352	2.37300	9998.0	25.0
199	19.8	6.344	2.39000	9996.9	25.0
200	19.9	6.334	2.40600	9996.8	25.0
201	20.0	6.331	2.42300	9994.6	25.0
202	20.1	6.329	2.44000	9993.7	25.0
203	20.2	6.325	2.45600	9993.8	25.0
204	20.3	6.322	2.47300	9991.6	25.0
205	20.4	6.315	2.49000	9990.8	25.0
206	20.5	6.305	2.50600	9990.9	25.0
207	20.6	6.296	2.52300	9988.8	25.0
208	20.7	6.292	2.54000	9987.9	25.0
209	20.8	6.265	2.55600	9990.6	25.0
210	20.9	6.241	2.57300	9988.8	25.0
211	21.0	6.230	2.59000	9988.2	25.0
212	21.1	6.226	2.60600	9991.2	25.0
213	21.2	6.232	2.62300	9989.6	25.0
214	21.3	6.230	2.64000	9989.3	25.0
215	21.4	6.217	2.65600	9992.5	25.0
216	21.5	6.202	2.67300	9991.1	25.0
217	21.6	6.187	2.69000	9991.0	25.0
218	21.7	6.180	2.70600	9994.3	25.0
219	21.8	6.179	2.72300	9993.1	25.0
220	21.9	6.186	2.74000	9993.0	25.0
221	22.0	6.171	2.75600	9996.5	25.0
222	22.1	6.166	2.77300	9995.2	25.0
223	22.2	6.156	2.79000	9995.2	25.0
224	22.3	6.138	2.80600	9998.6	25.0
225	22.4	6.126	2.82300	9997.4	25.0
226	22.5	6.127	2.84000	9997.3	25.0
227	22.6	6.126	2.85600	10000.7	25.0
228	22.7	6.112	2.87300	9999.4	25.0
229	22.8	6.091	2.89000	9999.2	25.0
230	22.9	6.078	2.90600	10002.4	25.0
231	23.0	6.071	2.92300	10001.0	25.0
232	23.1	6.061	2.93900	10000.6	25.0
233	23.2	6.051	2.95600	9998.0	25.0
234	23.3	6.046	2.97300	9996.9	25.0
235	23.4	6.043	2.98900	9996.8	25.0
236	23.5	6.047	3.00600	9994.6	25.0
237	23.6	6.053	3.02300	9993.7	25.0
238	23.7	6.052	3.03900	9993.8	25.0
239	23.8	6.042	3.05600	9991.6	25.0
240	23.9	6.041	3.07300	9990.8	25.0
241	24.0	6.043	3.08900	9990.9	25.0
242	24.1	6.044	3.10600	9988.8	25.0
243	24.2	6.042	3.12300	9987.9	25.0
244	24.3	6.042	3.13900	9990.6	25.0
245	24.4	6.041	3.15600	9988.8	25.0
246	24.5	6.038	3.17300	9988.2	25.0
247	24.6	6.031	3.18900	9991.2	25.0
248	24.7	6.026	3.20600	9989.6	25.0
249	24.8	6.018	3.22300	9989.3	25.0
250	24.9	6.016	3.23900	9992.5	25.0
251	25.0	6.013	3.25600	9991.1	25.0
252	25.1	6.009	3.27300	9991.0	25.0
253	25.2	6.008	3.28900	9994.3	25.0
254	25.3	6.006	3.30600	9993.1	25.0
255	25.4	5.990	3.32300	9993.0	25.0
256	25.5	5.987	3.33900	9996.5	25.0
257	25.6	5.987	3.35600	9995.2	25.0
258	25.7	5.986	3.37300	9995.2	25.0
259	25.8	5.983	3.38900	9998.6	25.0
260	25.9	5.977	3.40600	9997.4	25.0
261	26.0	5.970	3.42300	9997.3	25.0
262	26.1	5.964	3.43900	10000.7	25.0
263	26.2	5.957	3.45600	9999.4	25.0
264	26.3	5.951	3.47200	9999.2	25.0
265	26.4	5.948	3.48900	9996.9	25.0
266	26.5	5.937	3.50600	9996.0	25.0
267	26.6	5.924	3.52300	9996.2	25.0
268	26.7	5.916	3.53900	9999.7	25.0
269	26.8	5.910	3.55600	9998.6	25.0
270	26.9	5.904	3.57200	9998.4	25.0
271	27.0	5.898	3.58900	9996.1	25.0
272	27.1	5.886	3.60600	9995.1	25.0
273	27.2	5.865	3.62200	9995.1	25.0
274	27.3	5.859	3.63900	9992.9	25.0
275	27.4	5.858	3.65600	9992.0	25.0
276	27.5	5.836	3.67200	9992.1	25.0
277	27.6	5.798	3.68900	9989.8	25.0
278	27.7	5.786	3.70600	9988.9	25.0
279	27.8	5.787	3.72200	9991.5	25.0
280	27.9	5.790	3.73900	9989.6	25.0
281	28.0	5.791	3.75600	9989.0	25.0
282	28.1	5.785	3.77200	9991.9	25.0
283	28.2	5.778	3.78900	9990.3	25.0
284	28.3	5.775	3.80600	9989.9	25.0
285	28.4	5.774	3.82200	9993.0	25.0
286	28.5	5.773	3.83900	9991.6	25.0
287	28.6	5.768	3.85600	9991.3	25.0
288	28.7	5.760	3.87200	9994.6	25.0
289	28.8	5.749	3.88900	9993.3	25.0
290	28.9	5.730	3.90600	9993.2	25.0
291	29.0	5.720	3.92200	9996.5	25.0
292	29.1	5.722	3.93900	9995.3	25.0
293	29.2	5.724	3.95600	9995.1	25.0
294	29.3	5.726	3.97200	9998.5	25.0
295	29.4	5.728	3.98900	9997.2	25.0
296	29.5	5.731	4.00600	9997.1	25.0
297	29.6	5.731	4.02200	10000.4	25.0
298	29.7	5.729	4.03900	9999.0	25.0
299	29.8	5.728	4.05500	9998.7	25.0
300	29.9	5.724	4.07200	9996.3	25.0
301	30.0	5.713	4.08900	9995.4	25.0
302	30.1	5.715	4.10500	9995.5	25.0
303	30.2	5.712	4.12200	9993.4	25.0
304	30.3	5.696	4.13900	9992.7	25.0
305	30.4	5.689	4.15500	9993.1	25.0
306	30.5	5.686	4.17200	9991.2	25.0
307	30.6	5.671	4.18900	9990.7	25.0
308	30.7	5.668	4.20500	9991.2	25.0
309	30.8	5.664	4.22200	9989.3	25.0
310	30.9	5.654	4.23900	9988.8	25.0
311	31.0	5.631	4.25500	9992.0	25.0
312	31.1	5.615	4.27200	9990.5	25.0
313	31.2	5.602	4.28900	9990.4	25.0
314	31.3	5.597	4.30500	9991.2	25.0
315	31.4	5.601	4.32200	9989.6	25.0
316	31.5	5.608	4.33900	9989.3	25.0
317	31.6	5.596	4.35500	9992.5	25.0
318	31.7	5.562	4.37200	9991.1	25.0
319	31.8	5.548	4.38900	9991.0	25.0
320	31.9	5.516	4.40500	9994.3	25.0
321	32.0	5.493	4.42200	9993.1	25.0
322	32.1	5.506	4.43900	9993.0	25.0
323	32.2	5.503	4.45500	9996.5	25.0
324	32.3	5.473	4.47200	9995.2	25.0
325	32.4	5.466	4.48900	9995.2	25.0
326	32.5	5.460	4.50500	9998.6	25.0
327	32.6	5.464	4.52200	9997.4	25.0
328	32.7	5.454	4.53900	9997.3	25.0
329	32.8	5.457	4.55500	10000.7	25.0
330	32.9	5.462	4.57200	9999.4	25.0
331	33.0	5.469	4.58900	9999.2	25.0
332	33.1	5.481	4.60500	10002.4	25.0
333	33.2	5.481	4.62200	10001.0	25.0
334	33.3	5.475	4.63900	10000.6	25.0
335	33.4	5.474	4.65500	10003.6	25.0
336	33.5	5.474	4.67200	10001.9	25.0
337	33.6	5.475	4.68900	10001.2	25.0
338	33.7	5.474	4.70500	10004.0	25.0
339	33.8	5.472	4.72200	10002.0	25.0
340	33.9	5.470	4.73800	10001.0	25.0
341	34.0	5.473	4.75500	9997.8	25.0
342	34.1	5.471	4.77200	9996.0	25.0
343	34.2	5.416	4.78800	9995.2	25.0
344	34.3	5.362	4.80500	9992.2	25.0
345	34.4	5.347	4.82200	9990.5	25.0
346	34.5	5.331	4.83800	9992.4	25.0
347	34.6	5.326	4.85500	9989.8	25.0
348	34.7	5.239	4.87200	9988.6	25.0
349	34.8	5.148	4.88800	9990.9	25.0
350	34.9	5.156	4.90500	9988.8	25.0
351	35.0	5.196	4.92200	9987.9	25.0
352	35.1	5.229	4.93800	9990.6	25.0
353	35.2	5.260	4.95500	9988.8	25.0
354	35.3	5.288	4.97200	9988.2	25.0
355	35.4	5.300	4.98800	9991.2	25.0
356	35.5	5.302	5.00500	9989.6	25.0
357	35.6	5.273	5.02200	9989.3	25.0
358	35.7	5.250	5.03800	9992.5	25.0
359	35.8	5.253	5.05500	9991.1	25.0
360	35.9	5.209	5.07200	9991.0	25.0
361	36.0	5.206	5.08800	9994.3	25.0
362	36.1	5.178	5.10500	9993.1	25.0
363	36.2	5.162	5.12200	9993.0	25.0
364	36.3	5.147	5.13800	9996.5	25.0
365	36.4	5.161	5.15500	9995.2	25.0
366	36.5	5.157	5.17200	9995.2	25.0
367	36.6	5.130	5.18800	9998.6	25.0
368	36.7	5.074	5.20500	9997.4	25.0
369	36.8	4.886	5.22200	9997.3	25.0
370	36.9	4.802	5.22900	10000.7	25.0
371	37.0	4.822	5.23600	9949.3	25.0
372	37.1	4.724	5.24200	9848.7	25.0
373	37.2	4.637	5.24600	9701.3	25.0
374	37.3	4.504	5.24900	9499.6	25.0
375	37.4	4.470	5.25100	9244.6	25.0
376	37.5	4.504	5.25200	8940.4	25.0
377	37.6	4.524	5.25400	8586.5	25.0
378	37.7	4.515	5.25500	8195.8	25.0
379	37.8	4.567	5.25600	7772.1	25.0
380	37.9	4.615	5.25700	7319.9	25.0
381	38.0	4.676	5.25900	6845.6	25.0
382	38.1	4.721	5.26000	6363.3	25.0
383	38.2	4.746	5.26100	5870.5	25.0
384	38.3	4.779	5.26300	5372.3	25.0
385	38.4	4.814	5.26400	4882.1	25.0
386	38.5	4.846	5.26600	4395.9	25.0
387	38.6	4.874	5.26700	3926.2	25.0
388	38.7	4.899	5.26900	3468.6	25.0
389	38.8	4.921	5.27000	3032.0	25.0
390	38.9	4.940	5.27200	2616.1	25.0
391	39.0	4.954	5.27400	2227.1	25.0
392	39.1	4.967	5.27500	1866.8	25.0
393	39.2	4.980	5.27700	1533.8	25.0
394	39.3	4.992	5.27900	1233.1	25.0
395	39.4	5.004	5.28100	965.5	25.0
396	39.5	5.017	5.28300	734.2	25.0
397	39.6	5.028	5.28500	536.8	25.0
398	39.7	5.038	5.28600	373.2	25.0
399	39.8	5.045	5.28800	239.9	25.0
400	39.9	5.050	5.29000	139.8	25.0
401	40.0	5.054	5.29200	71.5	25.0
402	40.1	5.056	5.29400	36.1	25.0
403	40.2	5.058	5.29600	29.3	25.0
404	40.3	5.050	5.29800	48.7	25.0
405	40.4	5.048	5.29900	94.2	25.0
406	40.5	5.032	5.30100	155.0	25.0
407	40.6	5.038	5.30300	233.8	25.0
408	40.7	5.049	5.30500	329.6	25.0
409	40.8	5.057	5.30700	435.8	25.0
410	40.9	5.065	5.30900	548.1	25.0
411	41.0	5.070	5.31100	664.3	25.0
412	41.1	5.071	5.31300	776.9	25.0
413	41.2	5.073	5.31600	880.5	25.0
414	41.3	5.073	5.31900	977.4	25.0
415	41.4	5.073	5.32200	1058.5	25.0
416	41.5	5.071	5.32500	1116.8	25.0
417	41.6	5.072	5.32800	1171.8	25.0
418	41.7	5.072	5.33200	1220.6	25.0
419	41.8	5.071	5.33500	1268.6	25.0
420	41.9	5.069	5.33900	1312.4	25.0
421	42.0	5.068	5.34300	1358.7	25.0
422	42.1	5.056	5.34700	1408.4	25.0
423	42.2	5.028	5.35200	1463.0	25.0
424	42.3	5.009	5.35600	1524.7	25.0
425	42.4	4.995	5.36100	1588.9	25.0
426	42.5	4.847	5.36300	1660.6	25.0
427	42.6	4.722	5.36600	1722.0	25.0
428	42.7	4.618	5.36900	1776.8	25.0
429	42.8	4.544	5.37200	1827.4	25.0
430	42.9	4.457	5.37500	1874.2	25.0
431	43.0	4.349	5.37700	1914.6	25.0
432	43.1	4.155	5.37800	1945.7	25.0
433	43.2	4.066	5.37900	1960.1	25.0
434	43.3	4.085	5.37900	1961.8	25.0
435	43.4	4.170	5.38000	1943.9	25.0
436	43.5	4.246	5.38000	1931.5	25.0
437	43.6	4.295	5.38000	1888.1	25.0
438	43.7	4.372	5.38100	1871.1	25.0
439	43.8	4.443	5.38100	1859.7	25.0
440	43.9	4.506	5.38100	1780.5	25.0
441	44.0	4.529	5.38200	1765.0	25.0
442	44.1	4.545	5.38200	1755.0	25.0
443	44.2	4.582	5.38200	1651.1	25.0
444	44.3	4.619	5.38300	1637.5	25.0
445	44.4	4.654	5.38300	1629.0	25.0
446	44.5	4.688	5.38400	1513.1	25.0
447	44.6	4.716	5.38400	1506.0	25.0
448	44.7	4.740	5.38500	1392.0	25.0
449	44.8	4.761	5.38500	1386.1	25.0
450	44.9	4.780	5.38600	1275.6	25.0
451	45.0	4.797	5.38600	1270.9	25.0
452	45.1	4.812	5.38700	1165.0	25.0
453	45.2	4.824	5.38700	1161.2	25.0
454	45.3	4.835	5.38800	1060.7	25.0
455	45.4	4.844	5.38800	1057.7	25.0
456	45.5	4.846	5.38900	962.7	25.0
457	45.6	4.846	5.38900	960.5	25.0
458	45.7	4.841	5.39000	873.0	25.0
459	45.8	4.845	5.39000	871.4	25.0
460	45.9	4.851	5.39100	789.7	25.0
461	46.0	4.857	5.39200	788.6	25.0
462	46.1	4.863	5.39200	716.0	25.0
463	46.2	4.871	5.39300	648.3	25.0
464	46.3	4.877	5.39400	648.1	25.0
465	46.4	4.884	5.39400	587.9	25.0
466	46.5	4.892	5.39500	531.1	25.0
467	46.6	4.900	5.39600	531.4	25.0
468	46.7	4.908	5.39600	481.3	25.0
469	46.8	4.916	5.39700	435.1	25.0
470	46.9	4.922	5.39800	435.9	25.0
471	47.0	4.928	5.39900	396.3	25.0
472	47.1	4.933	5.39900	361.8	25.0
473	47.2	4.938	5.40000	329.3	25.0
474	47.3	4.941	5.40100	330.6	25.0
475	47.4	4.945	5.40200	304.6	25.0
476	47.5	4.949	5.40300	283.7	25.0
477	47.6	4.953	5.40400	267.8	25.0
478	47.7	4.951	5.40500	257.3	25.0
479	47.8	4.927	5.40600	251.0	25.0
480	47.9	4.926	5.40700	248.9	25.0
481	48.0	4.931	5.40800	251.4	25.0
482	48.1	4.937	5.40900	258.5	25.0
483	48.2	4.942	5.41000	270.7	25.0
484	48.3	4.947	5.41100	286.6	25.0
485	48.4	4.952	5.41200	307.9	25.0
486	48.5	4.953	5.41300	333.0	25.0
487	48.6	4.940	5.41400	361.8	25.0
488	48.7	4.860	5.41600	393.8	25.0
489	48.8	4.843	5.41700	430.8	25.0
490	48.9	4.837	5.41800	468.9	25.0
491	49.0	4.826	5.41900	504.4	25.0
492	49.1	4.809	5.42100	542.3	25.0
493	49.2	4.796	5.42200	584.7	25.0
494	49.3	4.795	5.42300	624.2	25.0
495	49.4	4.796	5.42500	658.5	25.0
496	49.5	4.802	5.42600	691.0	25.0
497	49.6	4.811	5.42800	715.7	25.0
498	49.7	4.823	5.42900	739.3	25.0
499	49.8	4.837	5.43100	754.1	25.0
500	49.9	4.849	5.43300	768.7	25.0
501	50.0	4.860	5.43400	786.4	25.0
502	50.1	4.869	5.43600	801.3	25.0
503	50.2	4.879	5.43800	820.5	25.0
504	50.3	4.887	5.43900	840.6	25.0
505	50.4	4.882	5.44100	855.4	25.0
506	50.5	4.854	5.44300	871.2	25.0
507	50.6	4.848	5.44500	888.0	25.0
508	50.7	4.858	5.44700	905.8	25.0
509	50.8	4.868	5.44900	924.7	25.0
510	50.9	4.871	5.45100	944.9	25.0
511	51.0	4.876	5.45300	966.6	25.0
512	51.1	4.880	5.45500	985.7	25.0
513	51.2	4.877	5.45800	1006.3	25.0
514	51.3	4.878	5.46000	1029.9	25.0
515	51.4	4.879	5.46200	1054.5	25.0
516	51.5	4.868	5.46500	1076.0	25.0
517	51.6	4.858	5.46700	1104.7	25.0
518	51.7	4.851	5.47000	1130.2	25.0
519	51.8	4.850	5.47200	1157.8	25.0
520	51.9	4.827	5.47500	1186.7	25.0
521	52.0	4.803	5.47800	1218.1	25.0
522	52.1	4.781	5.48000	1251.6	25.0
523	52.2	4.750	5.48300	1280.9	25.0
524	52.3	4.710	5.48600	1311.8	25.0
525	52.4	4.666	5.48900	1343.9	25.0
526	52.5	4.624	5.49200	1376.6	25.0
527	52.6	4.604	5.49500	1409.7	25.0
528	52.7	4.594	5.49900	1442.9	25.0
529	52.8	4.579	5.50200	1481.4	25.0
530	52.9	4.554	5.50500	1518.8	25.0
531	53.0	4.570	5.50900	1555.1	25.0
532	53.1	4.594	5.51200	1595.6	25.0
533	53.2	4.621	5.51500	1634.2	25.0
534	53.3	4.614	5.51800	1670.9	25.0
535	53.4	4.632	5.52100	1703.1	25.0
536	53.5	4.658	5.52500	1733.0	25.0
537	53.6	4.680	5.52800	1766.4	25.0
538	53.7	4.704	5.53200	1797.2	25.0
539	53.8	4.700	5.53600	1828.7	25.0
540	53.9	4.719	5.53900	1862.7	25.0
541	54.0	4.733	5.54300	1893.4	25.0
542	54.1	4.724	5.54700	1924.1	25.0
543	54.2	4.730	5.55100	1956.9	25.0
544	54.3	4.750	5.55500	1989.0	25.0
545	54.4	4.769	5.55900	2022.6	25.0
546	54.5	4.783	5.56400	2055.0	25.0
547	54.6	4.798	5.56800	2091.4	25.0
548	54.7	4.810	5.57300	2128.0	25.0
549	54.8	4.818	5.57700	2168.0	25.0
550	54.9	4.823	5.58200	2204.9	25.0
551	55.0	4.824	5.58700	2246.8	25.0
552	55.1	4.828	5.59200	2291.0	25.0
553	55.2	4.829	5.59700	2336.9	25.0
554	55.3	4.795	5.60300	2383.9	25.0
555	55.4	4.740	5.60800	2437.1	25.0
556	55.5	4.703	5.61300	2490.1	25.0
557	55.6	4.671	5.61900	2542.5	25.0
558	55.7	4.626	5.62500	2599.8	25.0
559	55.8	4.565	5.63100	2661.2	25.0
560	55.9	4.505	5.63700	2723.4	25.0
561	56.0	4.488	5.64300	2788.0	25.0
562	56.1	4.454	5.65000	2854.7	25.0
563	56.2	4.404	5.65500	2925.8	25.0
564	56.3	4.325	5.65800	2991.7	25.0
565	56.4	4.333	5.66000	3038.8	25.0
566	56.5	4.293	5.66100	3065.5	25.0
567	56.6	4.129	5.66200	3065.9	25.0
568	56.7	4.026	5.66300	3042.2	25.0
569	56.8	3.979	5.66400	2999.5	25.0
570	56.9	3.994	5.66400	2937.8	25.0
571	57.0	3.991	5.66400	2853.9	25.0
572	57.1	3.919	5.66400	2827.7	25.0
573	57.2	3.906	5.66500	2801.9	25.0
574	57.3	3.920	5.66500	2782.1	25.0
575	57.4	3.934	5.66500	2622.9	25.0
576	57.5	3.945	5.66500	2600.0	25.0
577	57.6	3.963	5.66500	2577.5	25.0
578	57.7	3.998	5.66600	2555.3	25.0
579	57.8	4.004	5.66600	2538.7	25.0
580	57.9	4.012	5.66600	2319.7	25.0
581	58.0	4.050	5.66600	2301.0	25.0
582	58.1	4.073	5.66700	2282.7	25.0
583	58.2	4.064	5.66700	2269.4	25.0
584	58.3	4.099	5.66700	2038.6	25.0
585	58.4	4.159	5.66700	2023.5	25.0
586	58.5	4.218	5.66700	2008.6	25.0
587	58.6	4.269	5.66800	1994.0	25.0
588	58.7	4.309	5.66800	1983.9	25.0
589	58.8	4.340	5.66800	1748.4	25.0
590	58.9	4.374	5.66900	1736.7	25.0
591	59.0	4.407	5.66900	1729.2	25.0
592	59.1	4.434	5.66900	1520.0	25.0
593	59.2	4.458	5.66900	1510.7	25.0
594	59.3	4.479	5.67000	1501.5	25.0
595	59.4	4.499	5.67000	1496.0	25.0
596	59.5	4.517	5.67000	1306.3	25.0
597	59.6	4.535	5.67100	1298.9	25.0
598	59.7	4.540	5.67100	1295.0	25.0
599	59.8	4.543	5.67100	1128.7	25.0
600	59.9	4.546	5.67200	1122.8	25.0
601	60.0	4.552	5.67200	1120.1	25.0
602	60.1	4.559	5.67200	975.2	25.0
603	60.2	4.565	5.67300	970.5	25.0
604	60.3	4.570	5.67300	968.7	25.0
605	60.4	4.576	5.67400	842.5	25.0
606	60.5	4.583	5.67400	841.4	25.0
607	60.6	4.587	5.67400	733.4	25.0
608	60.7	4.590	5.67500	730.2	25.0
609	60.8	4.591	5.67500	729.7	25.0
610	60.9	4.593	5.67600	634.7	25.0
611	61.0	4.596	5.67600	634.6	25.0
612	61.1	4.598	5.67700	551.7	25.0
613	61.2	4.600	5.67700	551.9	25.0
614	61.3	4.602	5.67800	480.0	25.0
615	61.4	4.603	5.67800	480.5	25.0
616	61.5	4.605	5.67900	417.1	25.0
617	61.6	4.601	5.67900	417.7	25.0
618	61.7	4.577	5.68000	361.6	25.0
619	61.8	4.570	5.68000	362.5	25.0
620	61.9	4.567	5.68100	313.8	25.0
621	62.0	4.566	5.68100	314.8	25.0
622	62.1	4.565	5.68200	272.1	25.0
623	62.2	4.564	5.68300	273.2	25.0
624	62.3	4.564	5.68300	237.9	25.0
625	62.4	4.565	5.68400	206.2	25.0
626	62.5	4.565	5.68400	207.6	25.0
627	62.6	4.566	5.68500	180.5	25.0
628	62.7	4.567	5.68600	182.0	25.0
629	62.8	4.570	5.68700	161.6	25.0
630	62.9	4.573	5.68700	145.3	25.0
631	63.0	4.576	5.68800	131.6	25.0
632	63.1	4.578	5.68900	133.3	25.0
633	63.2	4.580	5.69000	125.3	25.0
634	63.3	4.583	5.69000	122.4	25.0
635	63.4	4.586	5.69100	121.3	25.0
636	63.5	4.588	5.69200	123.2	25.0
637	63.6	4.589	5.69300	128.4	25.0
638	63.7	4.591	5.69400	138.3	25.0
639	63.8	4.594	5.69500	153.0	25.0
640	63.9	4.598	5.69600	171.8	25.0
641	64.0	4.601	5.69700	196.0	25.0
642	64.1	4.603	5.69800	225.9	25.0
643	64.2	4.605	5.69900	260.4	25.0
644	64.3	4.603	5.70000	299.3	25.0
645	64.4	4.602	5.70100	342.1	25.0
646	64.5	4.593	5.70200	387.7	25.0
647	64.6	4.586	5.70300	434.6	25.0
648	64.7	4.583	5.70400	478.1	25.0
649	64.8	4.576	5.70500	518.3	25.0
650	64.9	4.558	5.70600	556.2	25.0
651	65.0	4.552	5.70800	590.9	25.0
652	65.1	4.542	5.70900	628.0	25.0
653	65.2	4.511	5.71000	658.3	25.0
654	65.3	4.477	5.71100	678.7	25.0
655	65.4	4.459	5.71300	686.2	25.0
656	65.5	4.444	5.71400	695.5	25.0
657	65.6	4.447	5.71600	703.8	25.0
658	65.7	4.456	5.71700	715.2	25.0
659	65.8	4.464	5.71900	727.5	25.0
660	65.9	4.470	5.72000	741.5	25.0
661	66.0	4.475	5.72200	754.6	25.0
662	66.1	4.479	5.72300	770.6	25.0
663	66.2	4.479	5.72500	783.5	25.0
664	66.3	4.477	5.72700	800.3	25.0
665	66.4	4.478	5.72800	817.4	25.0
666	66.5	4.475	5.73000	832.4	25.0
667	66.6	4.463	5.73200	848.6	25.0
668	66.7	4.462	5.73400	865.8	25.0
669	66.8	4.457	5.73600	883.8	25.0
670	66.9	4.433	5.73800	902.6	25.0
671	67.0	4.354	5.74000	922.3	25.0
672	67.1	4.236	5.74200	943.1	25.0
673	67.2	4.128	5.74400	965.3	25.0
674	67.3	4.125	5.74600	984.7	25.0
675	67.4	4.153	5.74700	1005.5	25.0
676	67.5	4.179	5.74800	1022.4	25.0
677	67.6	4.207	5.74900	1032.1	25.0
678	67.7	4.239	5.75100	1034.8	25.0
679	67.8	4.262	5.75200	1041.3	25.0
680	67.9	4.287	5.75300	1041.9	25.0
681	68.0	4.282	5.75500	1036.9	25.0
682	68.1	4.282	5.75600	1037.0	25.0
683	68.2	4.301	5.75700	1032.5	25.0
684	68.3	4.310	5.75900	1023.8	25.0
685	68.4	4.314	5.76000	1017.0	25.0
686	68.5	4.293	5.76200	1006.3	25.0
687	68.6	4.289	5.76300	997.7	25.0
688	68.7	4.294	5.76500	985.6	25.0
689	68.8	4.296	5.76700	975.9	25.0
690	68.9	4.291	5.76800	968.5	25.0
691	69.0	4.278	5.77000	957.8	25.0
692	69.1	4.260	5.77200	949.9	25.0
693	69.2	4.263	5.77400	944.6	25.0
694	69.3	4.282	5.77500	942.0	25.0
695	69.4	4.301	5.77700	936.4	25.0
696	69.5	4.318	5.77900	934.0	25.0
697	69.6	4.330	5.78100	934.9	25.0
698	69.7	4.346	5.78300	936.2	25.0
699	69.8	4.365	5.78500	940.2	25.0
700	69.9	4.385	5.78800	947.1	25.0
701	70.0	4.395	5.79000	962.5	25.0
702	70.1	4.380	5.79200	977.5	25.0
703	70.2	4.362	5.79400	994.5	25.0
704	70.3	4.360	5.79700	1011.0	25.0
705	70.4	4.358	5.79900	1034.8	25.0
706	70.5	4.358	5.80200	1057.4	25.0
707	70.6	4.356	5.80400	1086.6	25.0
708	70.7	4.356	5.80700	1113.9	25.0
709	70.8	4.342	5.81000	1147.2	25.0
710	70.9	4.321	5.81200	1183.6	25.0
711	71.0	4.269	5.81500	1216.5	25.0
712	71.1	4.235	5.81800	1254.3	25.0
713	71.2	4.214	5.82100	1293.9	25.0
714	71.3	4.195	5.82400	1334.5	25.0
715	71.4	4.177	5.82700	1375.6	25.0
716	71.5	4.160	5.83000	1416.4	25.0
717	71.6	4.128	5.83300	1456.2	25.0
718	71.7	4.093	5.83600	1494.6	25.0
719	71.8	4.043	5.83700	1530.8	25.0
720	71.9	4.003	5.83900	1553.2	25.0
721	72.0	3.999	5.84000	1568.0	25.0
722	72.1	4.003	5.84000	1572.3	25.0
723	72.2	4.014	5.84100	1561.7	25.0
724	72.3	4.023	5.84200	1552.8	25.0
725	72.4	4.023	5.84200	1527.2	25.0
726	72.5	4.031	5.84300	1488.3	25.0
727	72.6	4.042	5.84400	1480.3	25.0
728	72.7	4.058	5.84400	1431.3	25.0
729	72.8	4.058	5.84500	1375.7	25.0
730	72.9	4.059	5.84600	1369.0	25.0
731	73.0	4.063	5.84600	1306.0	25.0
732	73.1	4.072	5.84700	1239.8	25.0
733	73.2	4.078	5.84800	1234.5	25.0
734	73.3	4.086	5.84800	1167.5	25.0
735	73.4	4.089	5.84900	1097.7	25.0
736	73.5	4.076	5.85000	1093.8	25.0
737	73.6	4.070	5.85100	1026.3	25.0
738	73.7	4.068	5.85200	962.4	25.0
739	73.8	4.059	5.85200	903.9	25.0
740	73.9	4.035	5.85300	844.0	25.0
741	74.0	4.018	5.85400	842.1	25.0
742	74.1	4.007	5.85500	784.8	25.0
743	74.2	4.007	5.85600	733.4	25.0
744	74.3	4.014	5.85700	685.8	25.0
745	74.4	4.014	5.85800	641.8	25.0
746	74.5	4.015	5.85900	601.1	25.0
747	74.6	4.020	5.86000	565.8	25.0
748	74.7	4.018	5.86100	534.1	25.0
749	74.8	4.002	5.86200	505.9	25.0
750	74.9	3.986	5.86300	481.5	25.0
751	75.0	3.970	5.86500	460.9	25.0
752	75.1	3.958	5.86600	448.7	25.0
753	75.2	3.949	5.86700	438.1	25.0
754	75.3	3.930	5.86800	431.2	25.0
755	75.4	3.921	5.86900	428.2	25.0
756	75.5	3.925	5.87100	429.3	25.0
757	75.6	3.929	5.87200	437.3	25.0
758	75.7	3.930	5.87300	449.2	25.0
759	75.8	3.924	5.87500	462.9	25.0
760	75.9	3.896	5.87600	485.5	25.0
761	76.0	3.860	5.87700	509.4	25.0
762	76.1	3.840	5.87800	534.2	25.0
763	76.2	3.824	5.87800	561.8	25.0
764	76.3	3.784	5.87900	584.4	25.0
765	76.4	3.775	5.88000	584.6	25.0
766	76.5	3.774	5.88000	606.9	25.0
767	76.6	3.774	5.88100	622.6	25.0
768	76.7	3.768	5.88100	622.4	25.0
769	76.8	3.738	5.88200	631.0	25.0
770	76.9	3.727	5.88200	630.7	25.0
771	77.0	3.724	5.88300	631.7	25.0
772	77.1	3.709	5.88300	631.4	25.0
773	77.2	3.688	5.88300	624.9	25.0
774	77.3	3.673	5.88400	619.6	25.0
775	77.4	3.668	5.88400	619.4	25.0
776	77.5	3.660	5.88400	601.4	25.0
777	77.6	3.666	5.88400	596.6	25.0
778	77.7	3.673	5.88500	591.8	25.0
779	77.8	3.678	5.88500	591.8	25.0
780	77.9	3.684	5.88500	561.0	25.0
781	78.0	3.686	5.88600	556.8	25.0
782	78.1	3.689	5.88600	557.1	25.0
783	78.2	3.689	5.88600	524.5	25.0
784	78.3	3.689	5.88600	520.8	25.0
785	78.4	3.692	5.88700	517.2	25.0
786	78.5	3.695	5.88700	517.7	25.0
787	78.6	3.699	5.88700	480.8	25.0
788	78.7	3.700	5.88800	477.6	25.0
789	78.8	3.699	5.88800	478.4	25.0
790	78.9	3.700	5.88900	443.4	25.0
791	79.0	3.702	5.88900	444.4	25.0
792	79.1	3.702	5.88900	414.7	25.0
793	79.2	3.707	5.89000	412.3	25.0
794	79.3	3.712	5.89000	413.4	25.0
795	79.4	3.718	5.89000	385.4	25.0
796	79.5	3.728	5.89100	383.3	25.0
797	79.6	3.733	5.89100	384.5	25.0
798	79.7	3.734	5.89200	359.3	25.0
799	79.8	3.742	5.89200	360.5	25.0
800	79.9	3.746	5.89300	338.6	25.0
801	80.0	3.757	5.89300	339.8	25.0
802	80.1	3.762	5.89400	321.2	25.0
803	80.2	3.767	5.89400	322.5	25.0
804	80.3	3.768	5.89500	306.1	25.0
805	80.4	3.773	5.89500	307.4	25.0
806	80.5	3.778	5.89600	293.4	25.0
807	80.6	3.780	5.89600	294.7	25.0
808	80.7	3.787	5.89700	282.3	25.0
809	80.8	3.796	5.89800	283.6	25.0
810	80.9	3.803	5.89800	275.5	25.0
811	81.0	3.806	5.89900	267.2	25.0
812	81.1	3.804	5.89900	268.5	25.0
813	81.2	3.804	5.90000	261.2	25.0
814	81.3	3.805	5.90100	262.5	25.0
815	81.4	3.805	5.90100	258.4	25.0
816	81.5	3.786	5.90200	254.1	25.0
817	81.6	3.747	5.90300	255.4	25.0
818	81.7	3.715	5.90400	254.2	25.0
819	81.8	3.716	5.90400	254.6	25.0
820	81.9	3.706	5.90500	254.2	25.0
821	82.0	3.669	5.90600	255.6	25.0
822	82.1	3.640	5.90700	258.2	25.0
823	82.2	3.616	5.90700	262.5	25.0
824	82.3	3.610	5.90800	265.9	25.0
825	82.4	3.607	5.90900	267.3	25.0
826	82.5	3.608	5.90900	273.9	25.0
827	82.6	3.595	5.90900	279.8	25.0
828	82.7	3.597	5.91000	278.5	25.0
829	82.8	3.598	5.91000	279.9	25.0
830	82.9	3.584	5.91000	285.2	25.0
831	83.0	3.569	5.91000	283.9	25.0
832	83.1	3.542	5.91100	282.6	25.0
833	83.2	3.547	5.91100	284.0	25.0
834	83.3	3.552	5.91100	287.5	25.0
835	83.4	3.552	5.91100	286.2	25.0
836	83.5	3.553	5.91100	284.9	25.0
837	83.6	3.570	5.91200	283.6	25.0
838	83.7	3.586	5.91200	285.0	25.0
839	83.8	3.599	5.91200	284.3	25.0
840	83.9	3.603	5.91200	283.0	25.0
841	84.0	3.597	5.91200	281.7	25.0
842	84.1	3.591	5.91300	280.5	25.0
843	84.2	3.592	5.91300	281.9	25.0
844	84.3	3.593	5.91300	278.5	25.0
845	84.4	3.593	5.91300	277.3	25.0
846	84.5	3.595	5.91400	276.1	25.0
847	84.6	3.600	5.91400	277.5	25.0
848	84.7	3.608	5.91400	273.1	25.0
849	84.8	3.606	5.91400	271.9	25.0
850	84.9	3.604	5.91500	270.7	25.0
851	85.0	3.602	5.91500	272.2	25.0
852	85.1	3.602	5.91500	267.0	25.0
853	85.2	3.604	5.91500	265.9	25.0
854	85.3	3.605	5.91600	264.8	25.0
855	85.4	3.605	5.91600	266.2	25.0
856	85.5	3.605	5.91600	260.5	25.0
857	85.6	3.605	5.91700	259.4	25.0
858	85.7	3.602	5.91700	260.8	25.0
859	85.8	3.596	5.91700	254.6	25.0
860	85.9	3.591	5.91800	253.6	25.0
861	86.0	3.584	5.91800	254.9	25.0
862	86.1	3.576	5.91800	249.1	25.0
863	86.2	3.576	5.91900	248.1	25.0
864	86.3	3.575	5.91900	249.5	25.0
865	86.4	3.574	5.91900	244.0	25.0
866	86.5	3.581	5.92000	243.0	25.0
867	86.6	3.591	5.92000	244.4	25.0
868	86.7	3.598	5.92100	238.1	25.0
869	86.8	3.592	5.92100	239.4	25.0
870	86.9	3.583	5.92100	234.0	25.0
871	87.0	3.582	5.92200	233.1	25.0
872	87.1	3.583	5.92200	234.4	25.0
873	87.2	3.569	5.92300	228.9	25.0
874	87.3	3.552	5.92300	230.2	25.0
875	87.4	3.545	5.92400	225.2	25.0
876	87.5	3.541	5.92400	226.5	25.0
877	87.6	3.539	5.92500	222.2	25.0
878	87.7	3.539	5.92500	223.5	25.0
879	87.8	3.539	5.92600	219.5	25.0
880	87.9	3.541	5.92600	220.8	25.0
881	88.0	3.546	5.92700	217.3	25.0
882	88.1	3.550	5.92800	218.6	25.0
883	88.2	3.549	5.92800	217.5	25.0
884	88.3	3.547	5.92900	215.3	25.0
885	88.4	3.545	5.92900	216.6	25.0
886	88.5	3.549	5.93000	214.8	25.0
887	88.6	3.552	5.93100	216.1	25.0
888	88.7	3.547	5.93100	217.2	25.0
889	88.8	3.538	5.93200	217.5	25.0
890	88.9	3.505	5.93300	218.8	25.0
891	89.0	3.466	5.93400	222.0	25.0
892	89.1	3.449	5.93400	226.6	25.0
893	89.2	3.450	5.93500	230.2	25.0
894	89.3	3.444	5.93500	231.5	25.0
895	89.4	3.439	5.93600	235.8	25.0
896	89.5	3.443	5.93600	237.1	25.0
897	89.6	3.453	5.93600	242.1	25.0
898	89.7	3.466	5.93600	241.2	25.0
899	89.8	3.473	5.93700	240.3	25.0
900	89.9	3.481	5.93700	241.7	25.0
901	90.0	3.483	5.93700	245.4	25.0
902	90.1	3.481	5.93800	244.4	25.0
903	90.2	3.476	5.93800	245.8	25.0
904	90.3	3.477	5.93800	249.1	25.0
905	90.4	3.478	5.93900	248.1	25.0
906	90.5	3.478	5.93900	249.5	25.0
907	90.6	3.480	5.93900	252.4	25.0
908	90.7	3.484	5.94000	251.4	25.0
909	90.8	3.482	5.94000	252.8	25.0
910	90.9	3.461	5.94000	255.3	25.0
911	91.0	3.433	5.94100	254.3	25.0
912	91.1	3.428	5.94100	255.7	25.0
913	91.2	3.438	5.94200	257.8	25.0
914	91.3	3.444	5.94200	259.2	25.0
915	91.4	3.411	5.94200	262.0	25.0
916	91.5	3.379	5.94300	261.0	25.0
917	91.6	3.373	5.94300	262.3	25.0
918	91.7	3.378	5.94400	264.2	25.0
919	91.8	3.387	5.94400	265.6	25.0
920	91.9	3.396	5.94400	268.0	25.0
921	92.0	3.402	5.94500	266.8	25.0
922	92.1	3.411	5.94500	268.2	25.0
923	92.2	3.420	5.94600	270.0	25.0
924	92.3	3.427	5.94600	271.4	25.0
925	92.4	3.433	5.94600	273.1	25.0
926	92.5	3.444	5.94700	271.9	25.0
927	92.6	3.452	5.94700	273.3	25.0
928	92.7	3.460	5.94800	274.2	25.0
929	92.8	3.469	5.94800	275.6	25.0
930	92.9	3.472	5.94900	276.2	25.0
931	93.0	3.477	5.94900	277.6	25.0
932	93.1	3.478	5.95000	277.7	25.0
933	93.2	3.482	5.95000	279.1	25.0
934	93.3	3.484	5.95100	279.0	25.0
935	93.4	3.479	5.95100	280.4	25.0
936	93.5	3.470	5.95200	279.4	25.0
937	93.6	3.470	5.95200	280.8	25.0
938	93.7	3.468	5.95300	278.7	25.0
939	93.8	3.461	5.95300	280.1	25.0
940	93.9	3.461	5.95400	277.3	25.0
941	94.0	3.456	5.95500	278.7	25.0
942	94.1	3.435	5.95500	277.1	25.0
943	94.2	3.415	5.95600	273.5	25.0
944	94.3	3.409	5.95700	274.8	25.0
945	94.4	3.397	5.95700	273.7	25.0
946	94.5	3.398	5.95800	271.7	25.0
947	94.6	3.405	5.95900	273.1	25.0
948	94.7	3.400	5.95900	274.3	25.0
949	94.8	3.404	5.96000	274.4	25.0
950	94.9	3.415	5.96100	275.8	25.0
951	95.0	3.427	5.96100	278.8	25.0
952	95.1	3.437	5.96200	280.9	25.0
953	95.2	3.443	5.96200	282.3	25.0
954	95.3	3.444	5.96300	284.5	25.0
955	95.4	3.443	5.96300	285.9	25.0
956	95.5	3.436	5.96400	288.3	25.0
957	95.6	3.426	5.96400	289.7	25.0
958	95.7	3.418	5.96500	292.3	25.0
959	95.8	3.416	5.96500	293.7	25.0
960	95.9	3.418	5.96600	296.7	25.0
961	96.0	3.422	5.96600	298.1	25.0
962	96.1	3.416	5.96700	300.9	25.0
963	96.2	3.401	5.96800	302.3	25.0
964	96.3	3.389	5.96800	308.5	25.0
965	96.4	3.385	5.96900	313.2	25.0
966	96.5	3.388	5.96900	314.6	25.0
967	96.6	3.386	5.97000	319.1	25.0
968	96.7	3.396	5.97100	320.5	25.0
969	96.8	3.403	5.97100	327.9	25.0
970	96.9	3.410	5.97200	333.6	25.0
971	97.0	3.405	5.97300	335.0	25.0
972	97.1	3.399	5.97300	343.6	25.0
973	97.2	3.393	5.97400	349.5	25.0
974	97.3	3.389	5.97500	350.9	25.0
975	97.4	3.386	5.97600	359.4	25.0
976	97.5	3.385	5.97700	369.1	25.0
977	97.6	3.375	5.97700	378.8	25.0
978	97.7	3.358	5.97800	385.6	25.0
979	97.8	3.330	5.97900	386.9	25.0
980	97.9	3.310	5.97900	394.4	25.0
981	98.0	3.308	5.98000	397.1	25.0
982	98.1	3.305	5.98000	398.3	25.0
983	98.2	3.307	5.98000	398.2	25.0
984	98.3	3.305	5.98000	395.7	25.0
985	98.4	3.308	5.98000	393.3	25.0
986	98.5	3.313	5.98100	390.9	25.0
987	98.6	3.314	5.98100	392.1	25.0
988	98.7	3.309	5.98100	382.9	25.0
989	98.8	3.308	5.98100	380.7	25.0
990	98.9	3.314	5.98100	378.4	25.0
991	99.0	3.315	5.98200	376.2	25.0
992	99.1	3.304	5.98200	377.5	25.0
993	99.2	3.290	5.98200	363.5	25.0
994	99.3	3.282	5.98200	361.5	25.0
995	99.4	3.273	5.98200	359.4	25.0
996	99.5	3.265	5.98300	357.4	25.0
997	99.6	3.265	5.98300	358.8	25.0
998	99.7	3.268	5.98300	341.3	25.0
999	99.8	3.271	5.98300	339.5	25.0
1000	99.9	3.271	5.98300	337.7	25.0
$E
$E
$S DETERM V1
$S Props V1.1
Total_Alkalinity	modified	241216_Anoxia_V2-20241216-102659	2024-12-16 10:26:59+08:00	original	Regular without errors	23609731_Luka	6																												
$E
$S Results V1
$S Result 1C.R1 V1
Initial pH	7.5066		0
$E
$S Result 1C.R2 V1
AcidConc	0.1000	mol/L	0
$E
$E
$S Mode 1 V1
$S EP V1
6.0790	2.983		138.9	25.0
$E
$S Cal V1
$E
$E
$S Other Variables V1
$S System V1
376.0	6	7905	0			0		0
$E
$S Mode 1 V1.1
0.1	0.1	6.0790	359.2	0.0000	7.507	25.0	7.576	25.0	220.3	2.983	25.0				6.825	99.6		1000			Regular stop
$E
$S Statistic V1
$E
$S ComVar local V1
$E
$S Titrant V1
$S Titrant1 V1
0.1 M HCl	0.1	mol/L	0.1	mol/L		2024-12-07 13:35:33
$E
$E
$S Sensor V1
$S Sensor1 V1.1
pH electrode	99.6	6.825	25.0	(manual)	2024-12-16 09:24:04+08:00	pH Calibration	23609731_Luka
$E
$E
$E
$S Calc Vars V1
$S Calc1 V1
$S R1 V1
MIM	7.507	
$E
$S R2 V1
CONC	0.1	
$E
$E
$E
$S Messages V1
$S Message1 V1.1
1	SET pH	014-002-3-255	Meas. point list overflow	274
$E
$E
$E
$S Methodproperties V1
Total_Alkalinity	modified	hug164	2020-10-15 09:18:30+08:00	23609731_Luka	2024-12-16 09:34:11+08:00	ver. 5																												
$E
$S Method V1
$S Methodoptions V1.1
off	2	off	Identification 1	Identification 2	on	off	on	10.0	mL	off	0	9999999999	off	30 s	on	Alkalinity method puts out a pclims report to 
card1.  A vba form in excel uses this lims
report to calculate alkalinity. Standardise
HCl titrant against 10ml of Na2CO3 (0.0025M)
and titrate as for samples. Calc. [HCl] mole/L
and enter this value in titrant concn in
pc control / system.	on	off	Card 1		Identification 1	on	on	off	on	on		**************	on
$E
$S 01	SET pH	Set endpoint titration pH
Titrando 1	off	30 s	150 s	0 mL	10 mL/min	10 s	60 s	3.00	optimal	2.000	10.00 mL/min	25.00 µL/min	drift	20 µL/min	10 s	off	optimal	2.000	10.00 mL/min	25.00 µL/min	drift	20 µL/min	10 s	auto	0 s	25.0 °C	0.1 s	100.000 mL	off	maximum	on	1	100.000 mL	1	pH electrode	off	4	0.1 M HCl	1	15	on	off	20 µL/min	off	0.0 µL/min	off	20.0000 mL	off	off
$E
$S 02	CALC	Calculation
$S R1
1	Initial pH	MIM	4		0	off	off	24	on	off	Round	off	0.0	9999999999	Display message	
The following variable is used:

EP1= Endpoint volume	
Please consider the information 
in the note under edit result.
$E
$S R2
2	AcidConc	CONC	4	mol/L	1	off	off	24	on	off	Round	off	invalid	invalid	Display message	
The following variable is used:

EP1= Endpoint volume	
Please consider the information 
in the note under edit result.
$E
$E
$S 03	REPORT	Report
$S Reportoptions V1
on each page	off	on
$E
$S Result report
on	on	off	off	on	off	on	on	on	off
$E
$S Curve
1	off	Time	Volume	blue	none	magenta	on	off	88 %	34 %
$E
$E
$E
$E
