$S PC/LIMS V1
$S Devices V1
$S device PC Control V1
P 3.0	S 2213520755
$E
$S device 841 Titrando V1
P 5.841.0014	S 02102
$S ADC1
ADC 3.770.0110	S 08679
$E
$S MSB1
$S 801
S 06255	
$E
$E
$S MSB3
$S 800
S 06203	S 11160006
$E
$E
$E
$E
$S Sample data V1
240809_Anoxic_Kelp_6.90		10.0	mL
$E
$S MPL V1
$S Mode 1
1	0.0	4.979	25.00000	0.0	25.0
2	2.0	4.978	25.04000	1353.4	25.0
3	4.0	4.977	25.10600	1936.2	25.0
4	6.0	4.974	25.21600	3066.2	25.0
5	8.0	4.970	25.39400	5006.6	25.0
6	10.0	4.952	25.68300	8194.0	25.0
7	12.0	4.915	26.00800	10101.2	25.0
8	14.0	4.931	26.33100	9585.0	25.0
9	16.0	4.906	26.65200	9672.8	25.0
10	18.0	4.890	26.96700	9457.2	25.0
11	20.0	4.861	27.27400	9256.6	25.0
12	22.0	4.835	27.57700	9084.0	25.0
13	24.0	4.844	27.87600	8964.4	25.0
14	26.0	4.847	28.17800	9056.6	25.0
15	28.0	4.826	28.47400	8941.0	25.0
16	30.0	4.803	28.76400	8723.1	25.0
17	32.0	4.796	29.04600	8477.0	25.0
18	34.0	4.795	29.33000	8500.1	25.0
19	36.0	4.804	29.61600	8537.7	25.0
20	38.0	4.788	29.90000	8568.0	25.0
21	60.0	4.777	30.00700	8494.6	25.0
22	62.0	4.773	30.28500	8207.5	25.0
23	64.0	4.750	30.55900	8278.6	25.0
24	66.0	4.739	30.82900	8115.3	25.0
25	68.0	4.722	31.09400	7949.2	25.0
26	70.0	4.729	31.35500	7844.1	25.0
27	72.0	4.714	31.61700	7854.6	25.0
28	74.0	4.709	31.87500	7748.6	25.0
29	76.0	4.690	32.13100	7688.7	25.0
30	78.0	4.689	32.38400	7583.3	25.0
31	80.0	4.691	32.63600	7579.1	25.0
32	82.0	4.654	32.88500	7504.7	25.0
33	84.0	4.655	33.12700	7267.1	25.0
34	86.0	4.651	33.37200	7329.6	25.0
35	88.0	4.644	33.61400	7276.9	25.0
36	90.0	4.613	33.85000	7106.1	25.0
37	92.0	4.611	34.08300	6970.9	25.0
38	94.0	4.609	34.31400	6942.3	25.0
39	96.0	4.590	34.54300	6880.7	25.0
40	98.0	4.591	34.76900	6779.5	25.0
41	100.0	4.592	34.99500	6770.4	25.0
42	102.0	4.574	35.21800	6728.2	25.0
43	104.0	4.552	35.43700	6567.7	25.0
44	106.0	4.538	35.65200	6470.3	25.0
45	108.0	4.545	35.86600	6398.4	25.0
46	110.0	4.532	36.07800	6389.3	25.0
47	112.0	4.531	36.28800	6301.2	25.0
48	114.0	4.534	36.49700	6253.0	25.0
49	116.0	4.505	36.70300	6220.0	25.0
50	118.0	4.504	36.90600	6073.1	25.0
51	120.0	4.495	37.10900	6097.0	25.0
52	122.0	4.494	37.31100	6041.3	25.0
53	124.0	4.491	37.51200	6037.3	25.0
54	126.0	4.474	37.71100	5989.9	25.0
55	128.0	4.463	37.90499	5837.9	25.0
56	130.0	4.463	38.10000	5824.3	25.0
57	132.0	4.451	38.29300	5810.8	25.0
58	134.0	4.440	38.48199	5684.0	25.0
59	136.0	4.432	38.67000	5655.8	25.0
60	138.0	4.425	38.85699	5600.3	25.0
61	140.0	4.382	39.03500	5423.8	25.0
62	142.0	4.430	39.21600	5316.6	25.0
63	144.0	4.421	39.40000	5574.9	25.0
64	146.0	4.397	39.57999	5404.2	25.0
65	148.0	4.397	39.75900	5359.6	25.0
66	150.0	4.395	39.93500	5299.3	25.0
67	172.0	4.397	40.00400	5273.7	25.0
68	174.0	4.393	40.18200	5296.2	25.0
69	176.0	4.390	40.35800	5310.9	25.0
70	178.0	4.382	40.53300	5242.1	25.0
71	180.0	4.368	40.70600	5199.2	25.0
72	182.0	4.361	40.87799	5155.8	25.0
73	184.0	4.357	41.04700	5078.6	25.0
74	186.0	4.359	41.21700	5086.5	25.0
75	188.0	4.334	41.38300	5012.4	25.0
76	190.0	4.316	41.54499	4880.2	25.0
77	192.0	4.323	41.70600	4800.0	25.0
78	194.0	4.310	41.86600	4823.6	25.0
79	196.0	4.308	42.02500	4766.0	25.0
80	198.0	4.304	42.18100	4698.1	25.0
81	200.0	4.293	42.33700	4706.3	25.0
82	202.0	4.281	42.49100	4633.5	25.0
83	204.0	4.274	42.64200	4536.3	25.0
84	206.0	4.271	42.79200	4496.5	25.0
85	208.0	4.267	42.94200	4488.7	25.0
86	210.0	4.259	43.09000	4452.5	25.0
87	212.0	4.261	43.23899	4455.4	25.0
88	214.0	4.245	43.38499	4391.0	25.0
89	216.0	4.242	43.52900	4326.0	25.0
90	218.0	4.247	43.67500	4377.4	25.0
91	220.0	4.252	43.82100	4379.8	25.0
92	222.0	4.233	43.96500	4346.8	25.0
93	224.0	4.198	44.10200	4130.3	25.0
94	226.0	4.213	44.23800	4055.8	25.0
95	228.0	4.219	44.37700	4154.9	25.0
96	230.0	4.201	44.51500	4150.8	25.0
97	232.0	4.200	44.65000	4067.3	25.0
98	234.0	4.192	44.78500	4058.7	25.0
99	236.0	4.194	44.91899	4022.4	25.0
100	238.0	4.203	45.05400	4045.3	25.0
101	240.0	4.192	45.18900	4051.2	25.0
102	242.0	4.178	45.32199	3991.7	25.0
103	244.0	4.176	45.45300	3922.7	25.0
104	246.0	4.166	45.58300	3922.2	25.0
105	248.0	4.154	45.71099	3834.6	25.0
106	250.0	4.152	45.83700	3791.7	25.0
107	252.0	4.148	45.96300	3775.2	25.0
108	254.0	4.139	46.08800	3745.9	25.0
109	256.0	4.128	46.21000	3678.4	25.0
110	258.0	4.128	46.33200	3640.3	25.0
111	260.0	4.114	46.45200	3620.7	25.0
112	262.0	4.114	46.57100	3567.8	25.0
113	264.0	4.109	46.68900	3549.6	25.0
114	266.0	4.099	46.80700	3535.7	25.0
115	268.0	4.098	46.92300	3491.2	25.0
116	270.0	4.090	47.03900	3469.7	25.0
117	272.0	4.090	47.15400	3440.8	25.0
118	274.0	4.056	47.26699	3415.4	25.0
119	276.0	4.060	47.37500	3256.9	25.0
120	278.0	4.054	47.48399	3268.9	25.0
121	280.0	4.044	47.59200	3238.4	25.0
122	282.0	4.052	47.69900	3215.9	25.0
123	284.0	4.020	47.80600	3204.9	25.0
124	286.0	4.033	47.91100	3145.0	25.0
125	288.0	4.034	48.01400	3101.9	25.0
126	290.0	4.020	48.11700	3117.0	25.0
127	292.0	4.016	48.21899	3045.8	25.0
128	294.0	4.004	48.31900	3017.6	25.0
129	296.0	4.003	48.42000	3020.9	25.0
130	298.0	4.008	48.52000	3006.6	25.0
131	300.0	4.005	48.62000	3000.0	25.0
132	302.0	3.972	48.71700	2937.0	25.0
133	304.0	3.983	48.81300	2868.6	25.0
134	306.0	3.992	48.91000	2908.4	25.0
135	308.0	3.973	49.00700	2912.0	25.0
136	310.0	3.969	49.09999	2819.6	25.0
137	312.0	3.971	49.19400	2806.2	25.0
138	314.0	3.981	49.28900	2842.7	25.0
139	316.0	3.953	49.38200	2794.7	25.0
140	318.0	3.947	49.47200	2704.0	25.0
141	320.0	3.944	49.56100	2686.5	25.0
142	322.0	3.941	49.65100	2677.2	25.0
143	324.0	3.928	49.73900	2660.7	25.0
144	326.0	3.920	49.82600	2607.9	25.0
145	328.0	3.931	49.91299	2614.3	25.0
146	330.0	3.922	50.00000	2628.4	25.0
147	351.3	3.943	50.00200	2622.7	25.0
148	352.0	3.942	50.03400	2550.3	25.0
149	354.0	3.934	50.12299	2649.4	25.0
150	356.0	3.919	50.21000	2615.7	25.0
151	358.0	3.916	50.29599	2575.5	25.0
152	360.0	3.907	50.37999	2539.3	25.0
153	362.0	3.902	50.46199	2468.4	25.0
154	364.0	3.899	50.54399	2456.7	25.0
155	366.0	3.899	50.62700	2480.7	25.0
156	368.0	3.895	50.71000	2486.4	25.0
157	370.0	3.887	50.79100	2448.3	25.0
158	372.0	3.883	50.87099	2399.6	25.0
159	374.0	3.885	50.95200	2432.5	25.0
160	376.0	3.881	51.03300	2434.4	25.0
161	378.0	3.863	51.11100	2373.9	25.0
162	380.0	3.864	51.18999	2340.5	25.0
163	382.0	3.862	51.26799	2337.4	25.0
164	384.0	3.858	51.34499	2309.8	25.0
165	386.0	3.837	51.41999	2276.0	25.0
166	388.0	3.844	51.49500	2239.5	25.0
167	390.0	3.841	51.57000	2245.6	25.0
168	392.0	3.830	51.64399	2231.9	25.0
169	394.0	3.826	51.71700	2182.2	25.0
170	396.0	3.816	51.78899	2171.4	25.0
171	398.0	3.815	51.85899	2117.2	25.0
172	400.0	3.813	51.93000	2123.3	25.0
173	402.0	3.793	52.00000	2098.1	25.0
174	404.0	3.807	52.06799	2046.0	25.0
175	406.0	3.805	52.13699	2064.9	25.0
176	408.0	3.802	52.20699	2086.1	25.0
177	410.0	3.784	52.27499	2056.2	25.0
178	412.0	3.784	52.34100	1995.6	25.0
179	414.0	3.772	52.40800	1990.7	25.0
180	416.0	3.771	52.47400	1977.7	25.0
181	418.0	3.772	52.53799	1937.8	25.0
182	420.0	3.766	52.60300	1932.2	25.0
183	422.0	3.755	52.66800	1949.3	25.0
184	424.0	3.765	52.73100	1904.2	25.0
185	426.0	3.739	52.79499	1924.9	25.0
186	428.0	3.745	52.85600	1844.2	25.0
187	430.0	3.745	52.91800	1838.7	25.0
188	432.0	3.739	52.98000	1849.3	25.0
189	434.0	3.735	53.04100	1848.3	25.0
190	436.0	3.740	53.10199	1825.8	25.0
191	438.0	3.732	53.16299	1834.1	25.0
192	440.0	3.735	53.22300	1815.2	25.0
193	442.0	3.726	53.28299	1796.0	25.0
194	444.0	3.727	53.34100	1748.4	25.0
195	446.0	3.716	53.39999	1759.7	25.0
196	448.0	3.707	53.45800	1731.3	25.0
197	450.0	3.698	53.51500	1715.8	25.0
198	452.0	3.688	53.57100	1687.7	25.0
199	454.0	3.703	53.62700	1662.8	25.0
200	456.0	3.702	53.68200	1653.8	25.0
201	458.0	3.686	53.73700	1673.8	25.0
202	460.0	3.686	53.79300	1658.9	25.0
203	462.0	3.678	53.84700	1625.9	25.0
204	464.0	3.684	53.90099	1618.3	25.0
205	466.0	3.670	53.95499	1618.0	25.0
206	468.0	3.675	54.00800	1595.4	25.0
207	470.0	3.681	54.06200	1610.6	25.0
208	472.0	3.675	54.11499	1612.0	25.0
209	474.0	3.664	54.16800	1601.1	25.0
210	476.0	3.643	54.21999	1537.1	25.0
211	478.0	3.661	54.27100	1530.7	25.0
212	480.0	3.640	54.32199	1551.3	25.0
213	482.0	3.650	54.37299	1530.8	25.0
214	484.0	3.659	54.42400	1527.6	25.0
215	486.0	3.647	54.47499	1510.1	25.0
216	488.0	3.637	54.52399	1496.8	25.0
217	490.0	3.638	54.57299	1473.0	25.0
218	492.0	3.635	54.62299	1489.1	25.0
219	494.0	3.633	54.67200	1476.8	25.0
220	496.0	3.630	54.72099	1469.9	25.0
221	498.0	3.631	54.77000	1469.5	25.0
222	500.0	3.624	54.81799	1448.5	25.0
223	502.0	3.610	54.86599	1429.2	25.0
224	504.0	3.607	54.91299	1404.4	25.0
225	506.0	3.616	54.95900	1398.7	25.0
226	508.0	3.610	55.00600	1414.8	25.0
227	510.0	3.603	55.05299	1387.7	25.0
228	512.0	3.598	55.09800	1379.9	25.0
229	514.0	3.587	55.14299	1353.5	25.0
230	516.0	3.578	55.18800	1340.6	25.0
231	518.0	3.582	55.23100	1300.8	25.0
232	520.0	3.569	55.27499	1297.3	25.0
233	522.0	3.564	55.31699	1263.7	25.0
234	524.0	3.577	55.35899	1265.0	25.0
235	526.0	3.564	55.40200	1297.4	25.0
236	528.0	3.575	55.44500	1290.4	25.0
237	530.0	3.561	55.48800	1278.6	25.0
238	532.0	3.546	55.52999	1267.2	25.0
239	534.0	3.558	55.56499	1128.2	25.0
240	536.0	3.563	55.60400	1079.0	25.0
241	538.0	3.553	55.64600	1280.6	25.0
242	540.0	3.561	55.68700	1242.1	25.0
243	542.0	3.552	55.72800	1232.5	25.0
244	544.0	3.551	55.76900	1225.8	25.0
245	546.0	3.548	55.80999	1228.5	25.0
246	548.0	3.554	55.85099	1235.0	25.0
247	550.0	3.541	55.89199	1226.0	25.0
248	552.0	3.542	55.93299	1203.8	25.0
249	554.0	3.544	55.97300	1221.6	25.0
250	556.0	3.535	56.01299	1193.6	25.0
251	558.0	3.539	56.05199	1172.9	25.0
252	560.0	3.530	56.09200	1207.1	25.0
253	562.0	3.534	56.13100	1171.4	25.0
254	564.0	3.529	56.16999	1179.7	25.0
255	566.0	3.528	56.20900	1174.3	25.0
256	568.0	3.523	56.24699	1157.8	25.0
257	570.0	3.517	56.28500	1147.2	25.0
258	572.0	3.514	56.32299	1124.6	25.0
259	574.0	3.514	56.36100	1132.2	25.0
260	576.0	3.516	56.39799	1133.4	25.0
261	578.0	3.511	56.43600	1121.7	25.0
262	580.0	3.512	56.47300	1120.1	25.0
263	582.0	3.510	56.50999	1121.7	25.0
264	584.0	3.503	56.54700	1104.0	25.0
265	586.0	3.501	56.58400	1094.6	25.0
266	588.0	3.488	56.61900	1082.6	25.0
267	590.0	3.484	56.65499	1062.7	25.0
268	592.0	3.482	56.68999	1057.4	25.0
269	594.0	3.469	56.72499	1043.4	25.0
270	596.0	3.476	56.75900	1025.7	25.0
271	598.0	3.473	56.79300	1031.0	25.0
272	600.0	3.470	56.82700	1030.0	25.0
273	602.0	3.461	56.86200	1025.8	25.0
274	604.0	3.463	56.89500	1003.2	25.0
275	606.0	3.458	56.92799	999.4	25.0
276	608.0	3.463	56.96199	999.6	25.0
277	610.0	3.456	56.99500	998.8	25.0
278	612.0	3.461	57.02800	1001.6	25.0
279	614.0	3.458	57.06100	992.4	25.0
280	616.0	3.429	57.09399	969.7	25.0
281	618.0	3.454	57.12500	942.5	25.0
282	620.0	3.440	57.15800	978.1	25.0
283	622.0	3.439	57.18999	961.1	25.0
284	624.0	3.452	57.22200	965.3	25.0
285	626.0	3.441	57.25399	968.5	25.0
286	628.0	3.450	57.28600	957.1	25.0
287	630.0	3.442	57.31799	968.8	25.0
288	632.0	3.434	57.34999	947.2	25.0
289	634.0	3.428	57.38100	938.7	25.0
290	636.0	3.431	57.41199	933.2	25.0
291	638.0	3.426	57.44299	923.3	25.0
292	640.0	3.422	57.47300	911.6	25.0
293	642.0	3.412	57.50299	897.8	25.0
294	644.0	3.415	57.53300	900.4	25.0
295	646.0	3.420	57.56300	900.4	25.0
296	648.0	3.421	57.59299	900.4	25.0
297	650.0	3.407	57.62299	915.4	25.0
298	652.0	3.414	57.65300	888.1	25.0
299	654.0	3.421	57.68299	904.6	25.0
300	656.0	3.417	57.71400	912.1	25.0
301	658.0	3.420	57.74400	905.0	25.0
302	660.0	3.408	57.77399	899.6	25.0
303	662.0	3.400	57.80299	872.5	25.0
304	664.0	3.408	57.83200	867.3	25.0
305	666.0	3.405	57.86100	873.9	25.0
306	668.0	3.385	57.89000	863.0	25.0
307	670.0	3.380	57.91800	850.1	25.0
308	672.0	3.395	57.94600	846.0	25.0
309	674.0	3.385	57.97300	821.6	25.0
310	676.0	3.379	58.00100	834.4	25.0
311	678.0	3.391	58.02900	845.8	25.0
312	680.0	3.380	58.05700	841.6	25.0
313	682.0	3.381	58.08500	823.2	25.0
314	684.0	3.371	58.11200	829.1	25.0
315	686.0	3.376	58.14000	820.1	25.0
316	688.0	3.373	58.16700	820.5	25.0
317	690.0	3.368	58.19399	814.4	25.0
318	692.0	3.367	58.22099	806.9	25.0
319	694.0	3.372	58.24799	815.1	25.0
320	696.0	3.372	58.27499	815.0	25.0
321	698.0	3.366	58.30199	809.5	25.0
322	700.0	3.366	58.32899	796.4	25.0
323	702.0	3.357	58.35099	742.2	25.0
324	704.0	3.360	58.37000	532.7	25.0
325	706.0	3.366	58.39700	802.1	25.0
326	708.0	3.359	58.42300	806.9	25.0
327	710.0	3.359	58.45000	790.8	25.0
328	712.0	3.333	58.47599	793.3	25.0
329	714.0	3.344	58.49300	583.8	25.0
330	716.0	3.356	58.51600	598.6	25.0
331	718.0	3.357	58.54200	805.9	25.0
332	720.0	3.343	58.56799	774.8	25.0
333	722.0	3.349	58.59299	762.7	25.0
334	724.0	3.345	58.61900	762.4	25.0
335	726.0	3.347	58.64400	774.3	25.0
336	728.0	3.346	58.66999	769.1	25.0
337	730.0	3.350	58.69600	766.9	25.0
338	732.0	3.340	58.72099	767.9	25.0
339	734.0	3.334	58.74599	752.1	25.0
340	736.0	3.336	58.77100	749.6	25.0
341	738.0	3.334	58.79599	743.0	25.0
342	740.0	3.331	58.81999	740.5	25.0
343	742.0	3.335	58.84499	745.3	25.0
344	744.0	3.333	58.87000	744.1	25.0
345	746.0	3.332	58.89500	743.3	25.0
346	748.0	3.324	58.91999	739.9	25.0
347	750.0	3.325	58.94399	724.5	25.0
348	752.0	3.322	58.96799	734.2	25.0
349	754.0	3.321	58.99200	716.1	25.0
350	756.0	3.318	59.01600	723.5	25.0
351	758.0	3.316	59.03999	717.4	25.0
352	760.0	3.318	59.06400	721.3	25.0
353	762.0	3.314	59.08799	714.0	25.0
354	764.0	3.314	59.11200	709.8	25.0
355	766.0	3.309	59.13499	714.5	25.0
356	768.0	3.310	59.15900	709.9	25.0
357	770.0	3.306	59.18299	709.1	25.0
358	772.0	3.309	59.20599	701.8	25.0
359	774.0	3.312	59.23000	707.9	25.0
360	776.0	3.296	59.25299	706.1	25.0
361	778.0	3.283	59.27599	687.2	25.0
362	780.0	3.302	59.29900	689.3	25.0
363	782.0	3.303	59.32199	697.7	25.0
364	784.0	3.296	59.34499	697.1	25.0
365	786.0	3.298	59.36800	689.9	25.0
366	788.0	3.292	59.39100	686.8	25.0
367	790.0	3.292	59.41399	677.2	25.0
368	792.0	3.288	59.43600	677.8	25.0
369	794.0	3.289	59.45900	676.0	25.0
370	796.0	3.288	59.48100	676.8	25.0
371	798.0	3.284	59.50399	679.4	25.0
372	800.0	3.283	59.52599	672.0	25.0
373	802.0	3.280	59.54800	665.6	25.0
374	804.0	3.283	59.57000	662.8	25.0
375	806.0	3.278	59.59299	658.7	25.0
376	808.0	3.282	59.61500	660.1	25.0
377	810.0	3.281	59.63699	668.6	25.0
378	812.0	3.275	59.65900	667.9	25.0
379	814.0	3.267	59.68100	657.1	25.0
380	816.0	3.272	59.70200	642.9	25.0
381	818.0	3.270	59.72400	653.0	25.0
382	820.0	3.271	59.74599	653.6	25.0
383	822.0	3.263	59.76799	647.6	25.0
384	824.0	3.269	59.78899	647.6	25.0
385	826.0	3.265	59.81100	642.0	25.0
386	828.0	3.265	59.83200	648.3	25.0
387	830.0	3.265	59.85400	636.4	25.0
388	832.0	3.268	59.87500	652.0	25.0
389	834.0	3.263	59.89700	643.9	25.0
390	836.0	3.265	59.91800	646.9	25.0
391	838.0	3.264	59.93999	634.8	25.0
392	840.0	3.262	59.96099	644.9	25.0
393	842.0	3.258	59.98199	638.8	25.0
394	864.9	3.261	59.99999	637.3	25.0
395	866.0	3.261	60.01099	588.2	25.0
396	868.0	3.257	60.03199	620.6	25.0
397	870.0	3.254	60.05299	628.4	25.0
398	872.0	3.254	60.07399	625.9	25.0
399	874.0	3.243	60.09499	626.7	25.0
400	876.0	3.245	60.11499	596.0	25.0
401	878.0	3.245	60.13599	631.9	25.0
402	880.0	3.244	60.15699	611.0	25.0
403	882.0	3.242	60.17699	619.6	25.0
404	884.0	3.234	60.19799	619.6	25.0
405	886.0	3.242	60.21799	613.1	25.0
406	888.0	3.234	60.23800	600.0	25.0
407	890.0	3.236	60.25800	600.0	25.0
408	892.0	3.237	60.27900	628.6	25.0
409	894.0	3.238	60.29900	593.3	25.0
410	896.0	3.235	60.31899	600.0	25.0
411	898.0	3.234	60.33899	600.0	25.0
412	900.0	3.231	60.35999	629.2	25.0
413	902.0	3.231	60.37899	580.2	25.0
414	904.0	3.231	60.39899	595.5	25.0
415	906.0	3.229	60.41899	600.0	25.0
416	908.0	3.228	60.43900	600.0	25.0
417	910.0	3.220	60.45900	600.0	25.0
418	912.0	3.216	60.47899	600.0	25.0
419	914.0	3.219	60.49799	585.4	25.0
420	916.0	3.215	60.51799	581.0	25.0
421	918.0	3.220	60.53799	605.4	25.0
422	920.0	3.218	60.55700	569.8	25.0
423	922.0	3.218	60.57700	595.5	25.0
424	924.0	3.215	60.59599	578.7	25.0
425	926.0	3.216	60.61599	585.1	25.0
426	928.0	3.215	60.63499	575.8	25.0
427	930.0	3.212	60.65499	591.4	25.0
428	932.0	3.217	60.67400	568.9	25.0
429	934.0	3.216	60.69399	601.0	25.0
430	936.0	3.205	60.71299	569.7	25.0
431	938.0	3.211	60.73199	574.5	25.0
432	940.0	3.207	60.75100	579.3	25.0
433	942.0	3.207	60.77100	579.1	25.0
434	944.0	3.209	60.78999	576.9	25.0
435	946.0	3.203	60.80899	572.8	25.0
436	948.0	3.197	60.82800	566.7	25.0
437	950.0	3.203	60.84699	561.5	25.0
438	952.0	3.200	60.86599	565.2	25.0
439	954.0	3.194	60.88499	564.9	25.0
440	956.0	3.194	60.90400	569.1	25.0
441	958.0	3.194	60.92199	559.2	25.0
442	960.0	3.198	60.94099	559.2	25.0
443	962.0	3.196	60.96000	565.3	25.0
444	964.0	3.198	60.97899	564.0	25.0
445	966.0	3.191	60.99799	563.1	25.0
446	968.0	3.186	61.01600	560.3	25.0
447	970.0	3.190	61.03500	552.4	25.0
448	972.0	3.189	61.05399	563.6	25.0
449	974.0	3.186	61.07199	554.5	25.0
450	976.0	3.190	61.09100	556.5	25.0
451	978.0	3.191	61.10899	555.3	25.0
452	980.0	3.181	61.12799	557.1	25.0
453	982.0	3.187	61.14600	552.5	25.0
454	984.0	3.185	61.16499	555.5	25.0
455	986.0	3.180	61.18299	552.4	25.0
456	988.0	3.180	61.20099	550.5	25.0
457	990.0	3.178	61.21999	551.0	25.0
458	992.0	3.180	61.23800	548.1	25.0
459	994.0	3.177	61.25599	548.1	25.0
460	996.0	3.177	61.27399	547.6	25.0
461	998.0	3.172	61.29300	547.7	25.0
462	1000.0	3.177	61.31099	543.8	25.0
463	1002.0	3.171	61.32899	541.3	25.0
464	1004.0	3.171	61.34699	542.6	25.0
465	1006.0	3.171	61.36499	539.9	25.0
466	1008.0	3.169	61.38300	541.4	25.0
467	1010.0	3.168	61.40099	535.6	25.0
468	1012.0	3.167	61.41899	537.7	25.0
469	1014.0	3.165	61.43699	536.7	25.0
470	1016.0	3.168	61.45499	537.0	25.0
471	1018.0	3.166	61.47300	540.4	25.0
472	1020.0	3.159	61.48999	539.3	25.0
473	1022.0	3.162	61.50800	533.2	25.0
474	1024.0	3.163	61.52599	534.3	25.0
475	1026.0	3.160	61.54399	530.2	25.0
476	1028.0	3.159	61.56199	534.0	25.0
477	1030.0	3.160	61.57899	534.0	25.0
478	1032.0	3.156	61.59699	533.3	25.0
479	1034.0	3.158	61.61499	529.5	25.0
480	1036.0	3.152	61.63199	533.7	25.0
481	1038.0	3.152	61.64999	523.6	25.0
482	1040.0	3.152	61.66700	528.1	25.0
483	1042.0	3.155	61.68499	526.9	25.0
484	1044.0	3.153	61.70300	530.4	25.0
485	1046.0	3.150	61.71999	525.9	25.0
486	1048.0	3.145	61.73800	524.1	25.0
487	1050.0	3.147	61.75499	518.5	25.0
488	1052.0	3.149	61.77200	526.0	25.0
489	1054.0	3.141	61.78999	524.9	25.0
490	1056.0	3.144	61.80700	522.2	25.0
491	1058.0	3.148	61.82499	521.4	25.0
492	1060.0	3.148	61.84200	521.7	25.0
493	1062.0	3.144	61.85899	524.3	25.0
494	1064.0	3.143	61.87700	519.4	25.0
495	1066.0	3.143	61.89399	518.5	25.0
496	1068.0	3.143	61.91100	521.4	25.0
497	1070.0	3.142	61.92899	518.0	25.0
498	1072.0	3.138	61.94600	515.5	25.0
499	1074.0	3.140	61.96299	512.8	25.0
500	1076.0	3.137	61.98000	518.0	25.0
501	1078.0	3.134	61.99699	516.6	25.0
502	1080.0	3.135	62.01500	514.5	25.0
503	1082.0	3.139	62.03199	512.7	25.0
504	1084.0	3.131	62.04900	513.1	25.0
505	1086.0	3.132	62.06599	510.6	25.0
506	1088.0	3.127	62.08299	511.4	25.0
507	1090.0	3.133	62.09999	510.6	25.0
508	1092.0	3.130	62.11699	509.9	25.0
509	1094.0	3.122	62.13400	508.3	25.0
510	1096.0	3.125	62.15099	507.4	25.0
511	1098.0	3.123	62.16800	506.0	25.0
512	1100.0	3.127	62.18499	507.2	25.0
513	1102.0	3.125	62.20200	509.8	25.0
514	1104.0	3.124	62.21899	507.7	25.0
515	1106.0	3.127	62.23599	508.2	25.0
516	1108.0	3.123	62.25299	508.5	25.0
517	1110.0	3.124	62.26899	507.7	25.0
518	1112.0	3.123	62.28600	506.8	25.0
519	1114.0	3.121	62.30299	506.1	25.0
520	1116.0	3.117	62.32000	504.6	25.0
521	1118.0	3.118	62.33699	500.1	25.0
522	1120.0	3.117	62.35299	505.6	25.0
523	1122.0	3.118	62.37000	504.5	25.0
524	1124.0	3.113	62.38699	501.6	25.0
525	1126.0	3.109	62.40400	499.2	25.0
526	1128.0	3.114	62.41999	498.4	25.0
527	1130.0	3.111	62.43699	499.1	25.0
528	1132.0	3.108	62.45399	504.2	25.0
529	1134.0	3.116	62.46399	414.0	25.0
530	1136.0	3.116	62.47799	344.7	25.0
531	1138.0	3.109	62.49500	491.4	25.0
532	1140.0	3.107	62.51099	507.6	25.0
533	1142.0	3.110	62.52799	494.8	25.0
534	1144.0	3.107	62.54399	501.9	25.0
535	1146.0	3.101	62.56099	494.2	25.0
536	1148.0	3.106	62.57700	496.3	25.0
537	1150.0	3.107	62.59399	493.5	25.0
538	1152.0	3.105	62.60999	497.0	25.0
539	1154.0	3.105	62.62700	498.5	25.0
540	1156.0	3.100	62.64399	496.7	25.0
541	1158.0	3.104	62.66000	495.7	25.0
542	1160.0	3.102	62.67599	495.1	25.0
543	1162.0	3.100	62.69299	491.3	25.0
544	1164.0	3.101	62.70900	495.8	25.0
545	1166.0	3.101	62.72599	494.8	25.0
546	1168.0	3.099	62.74199	492.8	25.0
547	1170.0	3.098	62.75900	491.4	25.0
548	1172.0	3.100	62.77499	492.4	25.0
549	1174.0	3.094	62.79199	493.3	25.0
550	1176.0	3.093	62.80799	490.0	25.0
551	1178.0	3.091	62.82399	488.5	25.0
552	1180.0	3.091	62.83999	491.3	25.0
553	1182.0	3.088	62.85699	485.8	25.0
554	1184.0	3.091	62.87299	489.4	25.0
555	1186.0	3.091	62.88899	491.4	25.0
556	1188.0	3.090	62.90599	488.7	25.0
557	1190.0	3.092	62.92199	486.5	25.0
558	1192.0	3.086	62.93800	488.4	25.0
559	1194.0	3.082	62.95399	489.5	25.0
560	1196.0	3.087	62.97099	485.4	25.0
561	1198.0	3.084	62.98700	484.3	25.0
562	1200.0	3.082	63.00299	484.8	25.0
563	1202.0	3.080	63.01899	484.0	25.0
564	1204.0	3.081	63.03500	486.2	25.0
565	1206.0	3.084	63.05199	485.8	25.0
566	1208.0	3.085	63.06799	487.0	25.0
567	1210.0	3.085	63.08400	486.2	25.0
568	1212.0	3.080	63.09999	485.3	25.0
569	1214.0	3.081	63.11599	485.2	25.0
570	1216.0	3.080	63.13200	484.0	25.0
571	1218.0	3.077	63.14899	484.7	25.0
572	1220.0	3.082	63.16499	481.0	25.0
573	1222.0	3.077	63.18099	484.3	25.0
574	1224.0	3.077	63.19699	484.3	25.0
575	1226.0	3.073	63.21299	482.2	25.0
576	1228.0	3.074	63.22900	480.5	25.0
577	1230.0	3.072	63.24500	482.6	25.0
578	1232.0	3.074	63.26099	477.6	25.0
579	1234.0	3.071	63.27699	479.0	25.0
580	1236.0	3.071	63.29300	485.6	25.0
581	1238.0	3.070	63.30899	484.7	25.0
582	1240.0	3.069	63.32499	480.2	25.0
583	1242.0	3.069	63.34100	481.5	25.0
584	1244.0	3.067	63.35699	481.5	25.0
585	1246.0	3.069	63.37299	474.0	25.0
586	1248.0	3.069	63.38899	477.2	25.0
587	1250.0	3.063	63.40499	480.1	25.0
588	1252.0	3.065	63.42099	479.0	25.0
589	1254.0	3.066	63.43699	479.0	25.0
590	1256.0	3.058	63.45300	479.0	25.0
591	1258.0	3.064	63.46899	474.9	25.0
592	1260.0	3.064	63.48499	479.5	25.0
593	1262.0	3.062	63.50100	474.2	25.0
594	1264.0	3.064	63.51699	477.9	25.0
595	1266.0	3.062	63.53299	480.2	25.0
596	1268.0	3.059	63.54900	474.5	25.0
597	1270.0	3.059	63.56400	479.4	25.0
598	1272.0	3.057	63.57999	476.6	25.0
599	1274.0	3.057	63.59599	475.0	25.0
600	1276.0	3.058	63.61200	475.8	25.0
601	1278.0	3.053	63.62799	476.6	25.0
602	1280.0	3.055	63.64399	476.7	25.0
603	1282.0	3.055	63.66000	475.7	25.0
604	1284.0	3.055	63.67599	474.9	25.0
605	1286.0	3.052	63.69099	474.3	25.0
606	1288.0	3.048	63.70699	473.8	25.0
607	1290.0	3.051	63.72300	473.4	25.0
608	1292.0	3.053	63.73899	472.5	25.0
609	1294.0	3.052	63.75499	476.0	25.0
610	1296.0	3.048	63.76999	475.8	25.0
611	1298.0	3.050	63.78600	476.1	25.0
612	1300.0	3.050	63.80199	474.0	25.0
613	1302.0	3.046	63.81799	473.8	25.0
614	1304.0	3.046	63.83400	474.1	25.0
615	1306.0	3.041	63.84900	474.9	25.0
616	1308.0	3.046	63.86499	469.6	25.0
617	1310.0	3.045	63.88099	471.6	25.0
618	1312.0	3.044	63.89700	472.6	25.0
619	1314.0	3.043	63.91299	473.1	25.0
620	1316.0	3.039	63.92799	471.6	25.0
621	1318.0	3.041	63.94399	470.7	25.0
622	1320.0	3.040	63.96000	471.9	25.0
623	1322.0	3.043	63.97499	473.1	25.0
624	1324.0	3.040	63.99099	472.2	25.0
625	1326.0	3.038	64.00700	471.9	25.0
626	1328.0	3.035	64.02299	471.3	25.0
627	1330.0	3.036	64.03799	472.4	25.0
628	1332.0	3.036	64.05399	471.1	25.0
629	1334.0	3.036	64.06999	469.7	25.0
630	1336.0	3.036	64.08599	471.1	25.0
631	1338.0	3.035	64.10100	471.2	25.0
632	1340.0	3.032	64.11700	469.8	25.0
633	1342.0	3.029	64.13300	470.1	25.0
634	1344.0	3.034	64.14799	473.3	25.0
635	1346.0	3.031	64.16399	470.8	25.0
636	1348.0	3.031	64.17999	469.6	25.0
637	1350.0	3.026	64.19499	471.9	25.0
638	1352.0	3.030	64.21099	469.7	25.0
639	1354.0	3.028	64.22700	470.0	25.0
640	1356.0	3.027	64.24200	470.5	25.0
641	1358.0	3.028	64.25800	469.8	25.0
642	1360.0	3.022	64.27399	470.0	25.0
643	1362.0	3.021	64.28899	470.5	25.0
644	1364.0	3.023	64.30499	467.8	25.0
645	1366.0	3.024	64.32099	467.8	25.0
646	1368.0	3.022	64.33599	467.8	25.0
647	1370.0	3.023	64.35200	470.4	25.0
648	1372.0	3.022	64.36800	469.3	25.0
649	1374.0	3.021	64.38300	466.8	25.0
650	1376.0	3.019	64.39899	467.7	25.0
651	1378.0	3.020	64.41399	470.2	25.0
652	1380.0	3.013	64.42999	468.5	25.0
653	1382.0	3.018	64.44599	468.9	25.0
654	1384.0	3.007	64.46099	469.9	25.0
655	1386.0	3.015	64.47700	468.6	25.0
656	1388.0	3.016	64.49300	468.0	25.0
657	1390.0	3.018	64.50800	467.2	25.0
658	1392.0	3.012	64.52399	466.5	25.0
659	1394.0	3.014	64.53899	470.0	25.0
660	1396.0	3.015	64.55499	468.5	25.0
661	1398.0	3.014	64.57099	468.9	25.0
662	1400.0	3.015	64.58599	470.3	25.0
663	1402.0	3.011	64.60200	467.8	25.0
664	1404.0	3.013	64.61800	468.0	25.0
665	1406.0	3.010	64.63300	466.8	25.0
666	1408.0	3.010	64.64899	467.7	25.0
667	1410.0	3.010	64.66399	467.4	25.0
668	1412.0	3.010	64.67999	469.0	25.0
669	1414.0	3.005	64.69599	466.7	25.0
670	1416.0	3.007	64.71100	468.1	25.0
671	1418.0	3.005	64.72700	466.5	25.0
672	1420.0	3.005	64.74200	469.6	25.0
673	1422.0	3.004	64.75800	468.1	25.0
674	1424.0	3.007	64.77399	468.6	25.0
675	1426.0	3.003	64.78899	467.2	25.0
676	1428.0	3.004	64.80499	465.5	25.0
677	1430.0	3.002	64.81999	470.0	25.0
678	1432.0	3.000	64.83599	466.8	25.0
679	1434.0	2.999	64.84999	422.8	25.0
680	1436.0	3.000	64.85899	380.2	25.0
681	1438.0	3.002	64.87499	372.9	25.0
682	1440.0	3.001	64.88799	430.5	25.0
683	1442.0	3.000	64.89899	417.7	25.0
684	1444.0	2.999	64.91499	373.5	25.0
685	1446.0	3.000	64.91899	325.1	25.0
686	1448.0	2.998	64.92999	285.7	25.0
687	1450.0	2.998	64.94399	313.0	25.0
688	1452.0	2.994	64.95200	328.2	25.0
689	1454.0	2.999	64.95399	300.5	25.0
690	1456.0	2.996	64.96600	234.8	25.0
691	1458.0	2.998	64.96600	218.7	25.0
692	1460.0	2.999	64.97299	167.6	25.0
693	1462.0	2.998	64.97700	154.8	25.0
694	1464.0	2.999	64.98100	148.0	25.0
695	1466.0	2.999	64.99400	181.4	25.0
696	1468.0	2.997	64.99500	188.2	25.0
697	1470.0	2.999	64.99899	167.1	25.0
698	1472.0	2.997	64.99999	159.3	25.0
699	1474.0	2.998	65.00299	134.2	25.0
700	1476.0	2.999	65.00400	123.1	25.0
701	1478.0	2.998	65.00700	107.1	25.0
702	1480.0	2.999	65.01199	90.7	25.0
703	1482.0	2.997	65.01599	89.5	25.0
704	1484.0	2.997	65.01599	87.1	25.0
705	1486.0	2.998	65.01599	84.8	25.0
706	1488.0	2.997	65.02299	75.4	25.0
707	1490.0	2.999	65.02299	73.7	25.0
708	1492.0	2.999	65.02599	73.8	25.0
709	1494.0	2.999	65.02799	72.8	25.0
710	1496.0	2.998	65.02899	71.3	25.0
711	1498.0	2.998	65.02999	69.7	25.0
712	1500.0	2.997	65.03699	72.1	25.0
713	1502.0	2.997	65.03699	70.5	25.0
714	1504.0	2.998	65.03699	69.0	25.0
715	1506.0	2.998	65.03999	64.8	25.0
716	1508.0	2.998	65.03999	63.5	25.0
717	1510.0	2.998	65.04500	61.0	25.0
718	1512.0	2.997	65.04800	63.7	25.0
719	1514.0	2.998	65.04800	62.4	25.0
720	1516.0	2.998	65.05099	62.6	25.0
721	1518.0	2.998	65.05099	61.4	25.0
722	1520.0	2.998	65.05499	63.0	25.0
723	1522.0	2.997	65.05499	61.8	25.0
724	1524.0	2.999	65.06100	61.7	25.0
725	1526.0	2.996	65.06200	63.6	25.0
726	1528.0	2.997	65.06200	62.3	25.0
727	1530.0	2.998	65.06200	61.2	25.0
728	1532.0	2.998	65.06400	58.4	25.0
729	1534.0	2.998	65.06400	57.3	25.0
730	1536.0	2.998	65.06400	56.2	25.0
731	1538.0	2.998	65.06400	55.1	25.0
732	1540.0	2.998	65.06699	48.3	25.0
733	1542.0	2.998	65.06999	44.5	25.0
734	1544.0	2.997	65.06999	43.9	25.0
735	1546.0	2.998	65.06999	43.3	25.0
736	1548.0	2.998	65.07400	40.0	25.0
737	1550.0	2.999	65.07400	39.5	25.0
738	1552.0	2.997	65.07400	39.0	25.0
739	1554.0	2.998	65.07500	37.8	25.0
740	1556.0	2.999	65.07800	36.4	25.0
741	1558.0	2.997	65.08099	37.4	25.0
742	1560.0	2.997	65.08099	37.0	25.0
743	1562.0	2.998	65.08099	36.6	25.0
744	1564.0	2.998	65.08099	35.5	25.0
745	1566.0	2.998	65.08099	39.2	25.0
746	1568.0	2.998	65.08099	8.8	25.0
747	1568.4	2.999	65.08099	8.5	25.0
$E
$E
$S DETERM V1
$S Props V1.1
Total_Alkalinity	modified	240809_Anoxic_Ke-20240809-133921	2024-08-09 13:39:21+08:00	original	Regular without errors	Luka23609731	4																												
$E
$S Results V1
$S Result 1C.R1 V1
Initial pH	6.2488		0
$E
$S Result 1C.R2 V1
AcidConc	0.0120	mol/L	0
$E
$E
$S Mode 1 V1
$S EP V1
65.0810	2.999		1568.4	25.0
$E
$S Cal V1
$E
$E
$S Other Variables V1
$S System V1
1996.0	4	7691	0			0		0
$E
$S Mode 1 V1.1
0.01	0.01205	65.0810	1981.5	25.0000	6.249	25.0	4.979	25.0	413.1	2.999	25.0				6.948	99.8		747			Regular stop
$E
$S Statistic V1
$E
$S ComVar local V1
$E
$S Titrant V1
$S Titrant1 V1
Hydrochloric Acid	0.01205	mol/L	0.01	mol/L		2024-07-19 10:37:14
$E
$E
$S Sensor V1
$S Sensor1 V1.1
pH electrode	99.8	6.948	25.0	(manual)	2024-08-09 12:01:38+08:00	pH Calibration	Luka23609731
$E
$E
$E
$S Calc Vars V1
$S Calc1 V1
$S R1 V1
MIM	6.249	
$E
$S R2 V1
CONC	0.01205	
$E
$E
$E
$S Messages V1
$S Message1 V1.1
1	SET pH	014-002-3-255	Meas. point list overflow	1492
$E
$E
$E
$S Methodproperties V1
Total_Alkalinity	modified	hug164	2020-10-15 09:18:30+08:00	Luka23609731	2024-06-07 12:33:17+08:00	ver. 4																												
$E
$S Method V1
$S Methodoptions V1.1
off	2	off	Identification 1	Identification 2	on	off	on	10.0	mL	off	0	9999999999	off	30 s	on	Alkalinity method puts out a pclims report to 
card1.  A vba form in excel uses this lims
report to calculate alkalinity. Standardise
HCl titrant against 10ml of Na2CO3 (0.0025M)
and titrate as for samples. Calc. [HCl] mole/L
and enter this value in titrant concn in
pc control / system.	on	off	Card 1		Identification 1	on	on	off	on	on		**************	on
$E
$S 01	SET pH	Set endpoint titration pH
Titrando 1	off	30 s	150 s	25 mL	10 mL/min	10 s	60 s	3.00	optimal	2.000	10.00 mL/min	25.00 킠/min	drift	20 킠/min	10 s	off	optimal	2.000	10.00 mL/min	25.00 킠/min	drift	20 킠/min	10 s	auto	0 s	25.0 캜	2.0 s	100.000 mL	off	maximum	on	1	100.000 mL	1	pH electrode	off	3	Hydrochloric Acid	1	15	on	off	20 킠/min	off	0.0 킠/min	off	20.0000 mL	off	off
$E
$S 02	CALC	Calculation
$S R1
1	Initial pH	MIM	4		0	off	off	24	on	off	Round	off	0.0	9999999999	Display message	
The following variable is used:

EP1= Endpoint volume	
Please consider the information 
in the note under edit result.
$E
$S R2
2	AcidConc	CONC	4	mol/L	1	off	off	24	on	off	Round	off	invalid	invalid	Display message	
The following variable is used:

EP1= Endpoint volume	
Please consider the information 
in the note under edit result.
$E
$E
$S 03	REPORT	Report
$S Reportoptions V1
on each page	off	on
$E
$S Result report
on	on	off	off	on	off	on	on	on	off
$E
$S Curve
1	off	Time	Volume	blue	none	magenta	on	off	88 %	34 %
$E
$E
$E
$E
