$S PC/LIMS V1
$S Devices V1
$S device PC Control V1
P 3.0	S 2213520755
$E
$S device 841 Titrando V1
P 5.841.0014	S 02102
$S ADC1
ADC 3.770.0110	S 08679
$E
$S MSB1
$S 801
S 06255	
$E
$E
$S MSB2
$S 800
S 06203	
$E
$E
$E
$E
$S Sample data V1
240516_Anoxic_Kelp_3.13		10.0	mL
$E
$S MPL V1
$S Mode 1
1	0.0	4.459	2.30000	0.0	25.0
2	2.0	4.459	2.34000	1353.4	25.0
3	4.0	4.450	2.40700	1936.5	25.0
4	6.0	4.430	2.51600	3056.7	25.0
5	8.0	4.374	2.68300	4878.0	25.0
6	10.0	4.332	2.85300	5260.0	25.0
7	12.0	4.291	3.01200	4810.9	25.0
8	14.0	4.238	3.16100	4505.6	25.0
9	16.0	4.196	3.30000	4206.1	25.0
10	18.0	4.131	3.42900	3920.3	25.0
11	20.0	4.089	3.54800	3594.6	25.0
12	22.0	4.055	3.66000	3372.7	25.0
13	24.0	4.028	3.76600	3202.0	25.0
14	26.0	4.004	3.86800	3070.9	25.0
15	28.0	3.970	3.96500	2938.0	25.0
16	30.0	3.939	4.05700	2763.6	25.0
17	32.0	3.923	4.14500	2658.2	25.0
18	34.0	3.913	4.23100	2586.5	25.0
19	36.0	3.894	4.31500	2530.9	25.0
20	38.0	3.864	4.39500	2446.8	25.0
21	40.0	3.843	4.47100	2288.1	25.0
22	42.0	3.835	4.54600	2220.6	25.0
23	44.0	3.817	4.61800	2189.2	25.0
24	46.0	3.804	4.68800	2105.0	25.0
25	48.0	3.788	4.75700	2071.0	25.0
26	50.0	3.771	4.82300	2000.5	25.0
27	52.0	3.747	4.88800	1941.2	25.0
28	54.0	3.741	4.94900	1853.0	25.0
29	56.0	3.730	5.01000	1822.7	25.0
30	58.0	3.721	5.07000	1792.9	25.0
31	60.0	3.681	5.12500	1730.8	25.0
32	62.0	3.696	5.16600	1203.8	25.0
33	64.0	3.685	5.22100	1634.8	25.0
34	66.0	3.676	5.27500	1639.0	25.0
35	68.0	3.666	5.32900	1605.4	25.0
36	70.0	3.654	5.38100	1564.6	25.0
37	72.0	3.644	5.43100	1525.5	25.0
38	74.0	3.629	5.48100	1489.6	25.0
39	76.0	3.621	5.52900	1449.3	25.0
40	78.0	3.615	5.57600	1423.6	25.0
41	80.0	3.602	5.62300	1404.7	25.0
42	82.0	3.596	5.66800	1368.5	25.0
43	84.0	3.586	5.71300	1333.7	25.0
44	86.0	3.580	5.75700	1325.5	25.0
45	88.0	3.566	5.80000	1297.9	25.0
46	90.0	3.560	5.84200	1266.6	25.0
47	92.0	3.551	5.88300	1238.7	25.0
48	94.0	3.548	5.92400	1227.7	25.0
49	96.0	3.539	5.96400	1194.9	25.0
50	98.0	3.529	6.00400	1200.0	25.0
51	100.0	3.522	6.04200	1162.6	25.0
52	102.0	3.516	6.08100	1149.7	25.0
53	104.0	3.509	6.11800	1130.3	25.0
54	106.0	3.503	6.15500	1111.3	25.0
55	108.0	3.494	6.19200	1098.4	25.0
56	110.0	3.489	6.22700	1076.1	25.0
57	112.0	3.481	6.26200	1062.5	25.0
58	114.0	3.473	6.29700	1046.2	25.0
59	116.0	3.467	6.33100	1028.8	25.0
60	118.0	3.463	6.36500	1011.4	25.0
61	120.0	3.451	6.39800	985.1	25.0
62	122.0	3.449	6.43000	974.4	25.0
63	124.0	3.441	6.46200	970.9	25.0
64	126.0	3.436	6.49400	954.2	25.0
65	128.0	3.435	6.52600	939.6	25.0
66	130.0	3.423	6.55700	938.3	25.0
67	132.0	3.420	6.58700	918.3	25.0
68	134.0	3.417	6.61700	903.7	25.0
69	136.0	3.412	6.64700	900.4	25.0
70	138.0	3.406	6.67700	894.9	25.0
71	140.0	3.401	6.70600	874.1	25.0
72	142.0	3.397	6.73500	871.1	25.0
73	144.0	3.389	6.76400	854.2	25.0
74	146.0	3.386	6.79200	839.9	25.0
75	148.0	3.382	6.82000	837.1	25.0
76	150.0	3.377	6.84700	830.1	25.0
77	152.0	3.373	6.87500	824.3	25.0
78	154.0	3.368	6.90200	812.7	25.0
79	156.0	3.364	6.92800	800.4	25.0
80	158.0	3.360	6.95500	801.2	25.0
81	160.0	3.355	6.98100	789.7	25.0
82	162.0	3.349	7.00700	782.6	25.0
83	164.0	3.347	7.03300	777.4	25.0
84	166.0	3.342	7.05900	765.8	25.0
85	168.0	3.338	7.08400	759.2	25.0
86	170.0	3.333	7.10900	749.1	25.0
87	172.0	3.330	7.13400	750.2	25.0
88	174.0	3.326	7.15800	737.1	25.0
89	176.0	3.321	7.18300	728.1	25.0
90	178.0	3.317	7.20700	724.1	25.0
91	180.0	3.313	7.23100	718.6	25.0
92	182.0	3.310	7.25400	712.9	25.0
93	184.0	3.307	7.27800	708.2	25.0
94	186.0	3.302	7.30100	702.9	25.0
95	188.0	3.297	7.32400	690.2	25.0
96	190.0	3.296	7.34700	689.2	25.0
97	192.0	3.292	7.37000	686.9	25.0
98	194.0	3.289	7.39300	684.8	25.0
99	196.0	3.283	7.41500	672.3	25.0
100	198.0	3.281	7.43800	671.6	25.0
101	200.0	3.278	7.46000	664.8	25.0
102	202.0	3.274	7.48200	663.4	25.0
103	204.0	3.268	7.50400	652.8	25.0
104	206.0	3.266	7.52500	648.3	25.0
105	208.0	3.266	7.54700	646.9	25.0
106	210.0	3.261	7.56800	643.2	25.0
107	212.0	3.258	7.58900	632.4	25.0
108	214.0	3.256	7.61100	628.7	25.0
109	216.0	3.253	7.63200	622.0	25.0
110	218.0	3.250	7.65200	616.6	25.0
111	220.0	3.246	7.67300	621.6	25.0
112	222.0	3.241	7.69400	622.5	25.0
113	224.0	3.238	7.71400	608.7	25.0
114	226.0	3.234	7.73400	600.0	25.0
115	228.0	3.231	7.75500	629.9	25.0
116	230.0	3.230	7.77500	593.9	25.0
117	232.0	3.228	7.79500	600.0	25.0
118	234.0	3.224	7.81400	594.5	25.0
119	236.0	3.220	7.83400	577.3	25.0
120	238.0	3.218	7.85400	607.0	25.0
121	240.0	3.215	7.87300	589.6	25.0
122	242.0	3.209	7.89300	579.1	25.0
123	244.0	3.210	7.91200	578.5	25.0
124	246.0	3.207	7.93100	584.0	25.0
125	248.0	3.203	7.95100	577.3	25.0
126	250.0	3.201	7.97000	579.4	25.0
127	252.0	3.198	7.98900	578.3	25.0
128	254.0	3.197	8.00700	572.9	25.0
129	256.0	3.193	8.02600	561.8	25.0
130	258.0	3.190	8.04500	560.7	25.0
131	260.0	3.186	8.06300	564.9	25.0
132	262.0	3.186	8.08200	550.6	25.0
133	264.0	3.182	8.10000	555.5	25.0
134	266.0	3.179	8.11900	550.9	25.0
135	268.0	3.178	8.13700	547.4	25.0
136	270.0	3.174	8.15500	545.6	25.0
137	272.0	3.173	8.17300	547.4	25.0
138	274.0	3.168	8.19100	541.8	25.0
139	276.0	3.166	8.20900	539.2	25.0
140	278.0	3.165	8.22700	537.8	25.0
141	280.0	3.160	8.24500	536.2	25.0
142	282.0	3.160	8.26300	531.4	25.0
143	284.0	3.157	8.28100	530.0	25.0
144	286.0	3.155	8.29800	530.4	25.0
145	288.0	3.149	8.31600	527.5	25.0
146	290.0	3.149	8.33300	525.1	25.0
147	292.0	3.147	8.35100	522.7	25.0
148	294.0	3.145	8.36800	522.8	25.0
149	296.0	3.142	8.38500	521.9	25.0
150	298.0	3.141	8.40300	518.7	25.0
151	300.0	3.138	8.42000	517.0	25.0
152	302.0	3.137	8.43700	515.8	25.0
153	304.0	3.134	8.45400	514.2	25.0
154	306.0	3.132	8.47100	511.8	25.0
155	308.0	3.130	8.48800	513.1	25.0
156	310.0	3.127	8.50500	512.4	25.0
157	312.0	3.124	8.52200	506.6	25.0
158	314.0	3.124	8.53900	505.0	25.0
159	316.0	3.122	8.55600	506.6	25.0
160	318.0	3.118	8.57300	505.8	25.0
161	320.0	3.117	8.59000	501.4	25.0
162	322.0	3.115	8.60600	505.2	25.0
163	324.0	3.111	8.62300	497.3	25.0
164	326.0	3.110	8.64000	497.1	25.0
165	328.0	3.108	8.65600	500.2	25.0
166	330.0	3.106	8.67300	496.1	25.0
167	332.0	3.103	8.68900	499.0	25.0
168	334.0	3.101	8.70600	495.7	25.0
169	336.0	3.101	8.72200	492.8	25.0
170	338.0	3.098	8.73900	492.6	25.0
171	340.0	3.095	8.75500	490.6	25.0
172	342.0	3.092	8.77100	492.2	25.0
173	344.0	3.092	8.78800	490.6	25.0
174	346.0	3.088	8.80400	488.2	25.0
175	348.0	3.087	8.82000	490.4	25.0
176	350.0	3.086	8.83700	484.8	25.0
177	352.0	3.083	8.85300	487.0	25.0
178	354.0	3.082	8.86900	486.5	25.0
179	356.0	3.079	8.88500	483.1	25.0
180	358.0	3.076	8.90100	483.3	25.0
181	360.0	3.075	8.91700	479.9	25.0
182	362.0	3.069	8.93300	485.1	25.0
183	364.0	3.072	8.94900	483.2	25.0
184	366.0	3.069	8.96500	480.3	25.0
185	368.0	3.067	8.98100	481.5	25.0
186	370.0	3.066	8.99700	481.5	25.0
187	372.0	3.063	9.01300	481.5	25.0
188	374.0	3.061	9.02900	477.0	25.0
189	376.0	3.059	9.04500	474.7	25.0
190	378.0	3.057	9.06100	479.7	25.0
191	380.0	3.055	9.07700	474.9	25.0
192	382.0	3.053	9.09300	474.5	25.0
193	384.0	3.051	9.10900	473.7	25.0
194	386.0	3.049	9.12400	477.2	25.0
195	388.0	3.048	9.14000	472.5	25.0
196	390.0	3.046	9.15600	472.6	25.0
197	392.0	3.044	9.17200	472.5	25.0
198	394.0	3.042	9.18800	473.2	25.0
199	396.0	3.039	9.20300	473.2	25.0
200	398.0	3.038	9.21900	471.9	25.0
201	400.0	3.038	9.23500	470.0	25.0
202	402.0	3.036	9.25100	471.5	25.0
203	404.0	3.033	9.26600	469.9	25.0
204	406.0	3.031	9.28200	471.0	25.0
205	408.0	3.030	9.29800	468.6	25.0
206	410.0	3.028	9.31300	472.2	25.0
207	412.0	3.023	9.32900	469.9	25.0
208	414.0	3.024	9.34500	468.0	25.0
209	416.0	3.022	9.36000	467.8	25.0
210	418.0	3.022	9.37600	470.4	25.0
211	420.0	3.019	9.39200	469.3	25.0
212	422.0	3.016	9.40700	466.8	25.0
213	424.0	3.016	9.42300	466.0	25.0
214	426.0	3.014	9.43800	470.2	25.0
215	428.0	3.005	9.45400	467.8	25.0
216	430.0	3.009	9.47000	467.8	25.0
217	432.0	3.009	9.48500	465.6	25.0
218	434.0	3.008	9.50100	468.8	25.0
219	436.0	3.006	9.51600	467.4	25.0
220	438.0	3.004	9.53200	469.0	25.0
221	440.0	3.001	9.54800	466.7	25.0
222	442.0	3.001	9.56300	467.9	25.0
223	444.0	2.998	9.57200	415.7	25.0
224	446.0	2.997	9.57200	367.9	25.0
225	448.0	2.997	9.57200	330.0	25.0
226	450.0	2.997	9.57200	299.2	25.0
227	452.0	2.997	9.57200	186.0	25.0
228	454.0	2.997	9.57200	33.0	25.0
229	455.6	2.997	9.57200	8.4	25.0
$E
$E
$S DETERM V1
$S Props V1.1
Total_Alkalinity	modified	240516_Anoxic_Ke-20240516-162429	2024-05-16 16:24:29+08:00	original	Regular without errors	Luka23609731	11																												
$E
$S Results V1
$S Result 1C.R1 V1
Initial pH	5.6576		0
$E
$S Result 1C.R2 V1
AcidConc	0.0120	mol/L	0
$E
$E
$S Mode 1 V1
$S EP V1
9.5720	2.997		455.6	25.0
$E
$S Cal V1
$E
$E
$S Other Variables V1
$S System V1
713.0	11	7314	0			0		0
$E
$S Mode 1 V1.1
0.01	0.01202	9.5720	689.9	2.3000	5.658	25.0	4.459	25.0	234.2	2.997	25.0				6.996	99.0		229			Regular stop
$E
$S Statistic V1
$E
$S ComVar local V1
$E
$S Titrant V1
$S Titrant1 V1
Hydrochloric Acid	0.01202	mol/L	0.01	mol/L		2005-03-02 11:37:56
$E
$E
$S Sensor V1
$S Sensor1 V1.1
pH electrode	99.0	6.996	0.00	25.0	(manual)	2024-05-13 13:35:24+08:00	pH Calibration	Luka23609731
$E
$E
$E
$S Calc Vars V1
$S Calc1 V1
$S R1 V1
MIM	5.658	
$E
$S R2 V1
CONC	0.01202	
$E
$E
$E
$S Messages V1
$E
$E
$S Methodproperties V1
Total_Alkalinity	modified	hug164	2020-10-15 09:18:30+08:00	hug164	2021-08-26 14:21:49+08:00	ver. 3																												
$E
$S Method V1
$S Methodoptions V1.1
off	2	off	Identification 1	Identification 2	on	off	on	10.0	mL	off	0	9999999999	off	30 s	on	Alkalinity method puts out a pclims report to 
card1.  A vba form in excel uses this lims
report to calculate alkalinity. Standardise
HCl titrant against 10ml of Na2CO3 (0.0025M)
and titrate as for samples. Calc. [HCl] mole/L
and enter this value in titrant concn in
pc control / system.	on	off	Card 1		Identification 1	on	on	off	on	on		**************	on
$E
$S 01	SET pH	Set endpoint titration pH
Titrando 1	off	30 s	150 s	2.3 mL	10 mL/min	10 s	60 s	3.00	optimal	2.000	10.00 mL/min	25.00 킠/min	drift	20 킠/min	10 s	off	optimal	2.000	10.00 mL/min	25.00 킠/min	drift	20 킠/min	10 s	auto	0 s	25.0 캜	2.0 s	100.000 mL	off	maximum	on	1	100.000 mL	1	pH electrode	off	2	Hydrochloric Acid	1	15	on	off	20 킠/min	off	0.0 킠/min	off	20.0000 mL	off	off
$E
$S 02	CALC	Calculation
$S R1
1	Initial pH	MIM	4		0	off	off	24	on	off	Round	off	0.0	9999999999	Display message	
The following variable is used:

EP1= Endpoint volume	
Please consider the information 
in the note under edit result.
$E
$S R2
2	AcidConc	CONC	4	mol/L	1	off	off	24	on	off	Round	off	invalid	invalid	Display message	
The following variable is used:

EP1= Endpoint volume	
Please consider the information 
in the note under edit result.
$E
$E
$S 03	REPORT	Report
$S Reportoptions V1
on each page	off	on
$E
$S Result report
on	on	off	off	on	off	on	on	on	off
$E
$S Curve
1	off	Time	Volume	blue	none	magenta	on	off	88 %	34 %
$E
$E
$E
$E
