$S PC/LIMS V1
$S Devices V1
$S device PC Control V1
P 3.0	S 2213520755
$E
$S device 841 Titrando V1
P 5.841.0014	S 02102
$S ADC1
ADC 3.770.0110	S 08679
$E
$S MSB1
$S 801
S 06255	
$E
$E
$S MSB3
$S 800
S 06203	
$E
$E
$E
$E
$S Sample data V1
240815_Anoxic_V2_8.50		10.0	mL
$E
$S MPL V1
$S Mode 1
1	0.0	6.045	20.00000	0.0	25.0
2	21.3	6.051	20.00000	0.0	25.0
3	22.0	6.051	20.01800	1892.3	25.0
4	24.0	6.048	20.11500	3233.1	25.0
5	26.0	6.029	20.27100	4517.1	25.0
6	28.0	6.016	20.47800	6055.3	25.0
7	30.0	6.001	20.72900	7392.3	25.0
8	32.0	5.934	21.01900	8590.8	25.0
9	34.0	5.880	21.34300	9653.2	25.0
10	36.0	5.861	21.67700	10066.2	25.0
11	38.0	5.833	22.01000	9991.5	25.0
12	40.0	5.755	22.34300	9994.7	25.0
13	42.0	5.818	22.67600	9993.1	25.0
14	44.0	5.782	23.00900	9992.9	25.0
15	46.0	5.729	23.34200	9998.5	25.0
16	48.0	5.699	23.67500	9991.2	25.0
17	50.0	5.694	24.00900	9996.2	25.0
18	52.0	5.535	24.34200	9991.3	25.0
19	54.0	5.587	24.67500	9994.0	25.0
20	56.0	5.483	25.00800	9995.3	25.0
21	58.0	5.311	25.34100	9991.4	25.0
22	60.0	5.454	25.67400	10001.9	25.0
23	62.0	5.452	26.00700	9990.6	25.0
24	64.0	5.283	26.34000	9997.7	25.0
25	66.0	5.049	26.67400	9993.1	25.0
26	68.0	5.184	26.89000	7135.8	25.0
27	70.0	5.348	27.09500	5859.4	25.0
28	72.0	5.355	27.30000	6142.8	25.0
29	74.0	5.441	27.50500	6149.5	25.0
30	76.0	5.424	27.70900	6142.5	25.0
31	78.0	5.322	27.91400	6151.5	25.0
32	80.0	5.394	28.11900	6142.7	25.0
33	82.0	5.253	28.32400	6151.1	25.0
34	84.0	5.204	28.52900	6144.1	25.0
35	86.0	5.231	28.73400	6148.8	25.0
36	88.0	5.224	28.93900	6139.9	25.0
37	90.0	5.166	29.14400	6147.1	25.0
38	92.0	5.153	29.34800	6143.8	25.0
39	94.0	5.129	29.55300	6146.3	25.0
40	96.0	4.931	29.76000	6189.2	25.0
41	98.0	4.890	29.96300	6198.1	25.0
42	119.7	5.251	30.00900	6085.3	25.0
43	120.0	5.252	30.04400	5983.3	25.0
44	122.0	5.181	30.14500	3586.3	25.0
45	124.0	5.089	30.27000	3012.8	25.0
46	126.0	4.968	30.42000	4743.3	25.0
47	128.0	4.923	30.59600	4763.5	25.0
48	130.0	4.721	30.83600	7631.6	25.0
49	132.0	4.773	30.94000	3514.6	25.0
50	134.0	4.896	31.10200	4365.5	25.0
51	136.0	4.583	31.31300	6923.5	25.0
52	138.0	4.767	31.40200	2841.5	25.0
53	140.0	4.747	31.54600	3935.1	25.0
54	142.0	4.480	31.67500	4634.6	25.0
55	144.0	4.667	31.73700	1503.9	25.0
56	146.0	4.652	31.83900	2826.9	25.0
57	148.0	4.511	32.00600	4674.8	25.0
58	150.0	4.448	32.09500	3564.0	25.0
59	152.0	4.503	32.17400	1764.4	25.0
60	154.0	4.382	32.28600	3427.9	25.0
61	156.0	4.448	32.40000	3266.3	25.0
62	158.0	4.193	32.55200	4850.0	25.0
63	160.0	4.233	32.58500	1399.4	25.0
64	162.0	4.259	32.63600	1313.2	25.0
65	164.0	4.232	32.72100	2380.4	25.0
66	166.0	4.071	32.80900	2910.6	25.0
67	168.0	4.067	32.86100	1455.1	25.0
68	170.0	4.100	32.94500	2278.2	25.0
69	172.0	4.038	33.03000	2909.7	25.0
70	174.0	3.972	33.10400	1936.6	25.0
71	176.0	3.955	33.13900	1470.5	25.0
72	178.0	4.002	33.16900	629.0	25.0
73	180.0	3.984	33.21800	1366.7	25.0
74	182.0	3.868	33.28600	2095.7	25.0
75	184.0	3.884	33.31500	1063.2	25.0
76	186.0	3.896	33.35600	1042.0	25.0
77	188.0	3.780	33.40500	1677.7	25.0
78	190.0	3.852	33.42400	704.7	25.0
79	192.0	3.874	33.45500	813.3	25.0
80	194.0	3.825	33.49800	1352.8	25.0
81	196.0	3.753	33.53800	1133.6	25.0
82	198.0	3.797	33.58200	1341.1	25.0
83	200.0	3.756	33.63200	1496.0	25.0
84	202.0	3.725	33.69200	1710.4	25.0
85	204.0	3.673	33.75100	1828.4	25.0
86	206.0	3.690	33.77600	953.7	25.0
87	208.0	3.698	33.80500	723.7	25.0
88	210.0	3.679	33.85300	1360.4	25.0
89	212.0	3.639	33.89400	1398.7	25.0
90	214.0	3.680	33.92599	868.8	25.0
91	216.0	3.643	33.95500	1009.5	25.0
92	218.0	3.646	33.98000	617.5	25.0
93	220.0	3.630	34.02000	1132.5	25.0
94	222.0	3.613	34.04300	1033.4	25.0
95	224.0	3.627	34.06300	453.0	25.0
96	226.0	3.628	34.09500	921.6	25.0
97	228.0	3.604	34.14100	1377.2	25.0
98	230.0	3.552	34.17700	1258.9	25.0
99	232.0	3.561	34.19600	564.8	25.0
100	234.0	3.574	34.22800	865.7	25.0
101	236.0	3.489	34.26500	1233.8	25.0
102	238.0	3.560	34.27700	643.9	25.0
103	240.0	3.561	34.29600	401.2	25.0
104	242.0	3.564	34.32700	903.7	25.0
105	244.0	3.552	34.36800	1243.0	25.0
106	246.0	3.508	34.39300	1026.4	25.0
107	248.0	3.520	34.40500	447.6	25.0
108	250.0	3.533	34.42599	460.1	25.0
109	252.0	3.515	34.45400	898.8	25.0
110	254.0	3.495	34.48700	955.4	25.0
111	256.0	3.483	34.52299	1106.4	25.0
112	258.0	3.464	34.55800	1042.0	25.0
113	260.0	3.476	34.59200	1020.0	25.0
114	262.0	3.443	34.60500	781.5	25.0
115	264.0	3.477	34.61300	422.0	25.0
116	266.0	3.481	34.62700	261.7	25.0
117	268.0	3.476	34.64799	667.2	25.0
118	270.0	3.456	34.68100	965.7	25.0
119	272.0	3.439	34.71300	1007.6	25.0
120	274.0	3.440	34.74500	942.8	25.0
121	276.0	3.441	34.77600	939.9	25.0
122	278.0	3.428	34.80700	943.4	25.0
123	280.0	3.419	34.83800	925.7	25.0
124	282.0	3.422	34.86900	913.5	25.0
125	284.0	3.407	34.89800	900.0	25.0
126	286.0	3.408	34.92800	872.9	25.0
127	288.0	3.372	34.95500	860.9	25.0
128	290.0	3.389	34.97200	551.8	25.0
129	292.0	3.377	34.99800	713.8	25.0
130	294.0	3.375	35.02600	854.8	25.0
131	296.0	3.380	35.05300	831.9	25.0
132	298.0	3.374	35.08100	826.6	25.0
133	300.0	3.374	35.10800	814.8	25.0
134	302.0	3.359	35.13500	807.0	25.0
135	304.0	3.345	35.16100	771.9	25.0
136	306.0	3.364	35.18700	774.9	25.0
137	308.0	3.347	35.21300	786.8	25.0
138	310.0	3.353	35.23900	775.6	25.0
139	312.0	3.342	35.26400	776.3	25.0
140	314.0	3.325	35.28600	649.3	25.0
141	316.0	3.315	35.31000	703.6	25.0
142	318.0	3.334	35.33400	733.0	25.0
143	320.0	3.322	35.35900	752.4	25.0
144	322.0	3.324	35.38300	727.4	25.0
145	324.0	3.311	35.40700	711.7	25.0
146	326.0	3.303	35.43100	701.8	25.0
147	328.0	3.306	35.44800	581.5	25.0
148	330.0	3.309	35.46900	565.8	25.0
149	332.0	3.300	35.49200	728.5	25.0
150	334.0	3.287	35.51500	682.8	25.0
151	336.0	3.285	35.53800	678.3	25.0
152	338.0	3.276	35.56000	667.6	25.0
153	340.0	3.283	35.58200	667.1	25.0
154	342.0	3.292	35.60500	675.0	25.0
155	344.0	3.279	35.62700	676.5	25.0
156	346.0	3.281	35.64900	662.6	25.0
157	348.0	3.270	35.67100	666.0	25.0
158	350.0	3.271	35.69300	657.5	25.0
159	352.0	3.263	35.71400	639.5	25.0
160	354.0	3.253	35.73600	644.8	25.0
161	356.0	3.262	35.75700	638.0	25.0
162	358.0	3.254	35.77800	639.7	25.0
163	360.0	3.255	35.79900	633.1	25.0
164	362.0	3.253	35.82000	635.0	25.0
165	364.0	3.253	35.84100	627.5	25.0
166	366.0	3.242	35.86200	631.9	25.0
167	368.0	3.235	35.88200	617.5	25.0
168	370.0	3.242	35.90300	614.8	25.0
169	372.0	3.239	35.92300	617.5	25.0
170	374.0	3.240	35.94400	596.0	25.0
171	376.0	3.239	35.96400	625.4	25.0
172	378.0	3.236	35.98400	592.8	25.0
173	380.0	3.225	36.00400	600.0	25.0
174	382.0	3.225	36.02400	600.0	25.0
175	384.0	3.224	36.04400	600.0	25.0
176	386.0	3.219	36.06400	600.0	25.0
177	388.0	3.216	36.08400	600.0	25.0
178	390.0	3.211	36.10300	572.7	25.0
179	392.0	3.216	36.12200	584.3	25.0
180	394.0	3.207	36.14200	585.1	25.0
181	396.0	3.195	36.16100	574.2	25.0
182	398.0	3.201	36.18000	572.5	25.0
183	400.0	3.199	36.19900	569.1	25.0
184	402.0	3.196	36.21800	572.1	25.0
185	404.0	3.189	36.23600	567.4	25.0
186	406.0	3.187	36.25500	557.9	25.0
187	408.0	3.193	36.27300	561.7	25.0
188	410.0	3.191	36.29200	561.9	25.0
189	412.0	3.191	36.31100	558.3	25.0
190	414.0	3.188	36.32899	560.4	25.0
191	416.0	3.185	36.34800	553.4	25.0
192	418.0	3.180	36.36600	554.1	25.0
193	420.0	3.184	36.38500	552.7	25.0
194	422.0	3.180	36.40300	552.5	25.0
195	424.0	3.181	36.42100	546.2	25.0
196	426.0	3.169	36.44000	547.8	25.0
197	428.0	3.176	36.45800	542.2	25.0
198	430.0	3.172	36.47600	543.1	25.0
199	432.0	3.172	36.49400	539.2	25.0
200	434.0	3.167	36.51200	539.8	25.0
201	436.0	3.165	36.52999	537.9	25.0
202	438.0	3.161	36.54700	539.7	25.0
203	440.0	3.151	36.56500	535.3	25.0
204	442.0	3.144	36.58300	529.3	25.0
205	444.0	3.155	36.60000	526.0	25.0
206	446.0	3.157	36.61800	527.5	25.0
207	448.0	3.152	36.63500	528.0	25.0
208	450.0	3.150	36.65300	526.2	25.0
209	452.0	3.146	36.67000	524.7	25.0
210	454.0	3.142	36.68800	520.0	25.0
211	456.0	3.145	36.70499	520.1	25.0
212	458.0	3.140	36.72300	522.3	25.0
213	460.0	3.142	36.74000	516.3	25.0
214	462.0	3.140	36.75700	515.9	25.0
215	464.0	3.134	36.77400	515.8	25.0
216	466.0	3.133	36.79100	514.2	25.0
217	468.0	3.135	36.80800	516.6	25.0
218	470.0	3.129	36.82600	514.5	25.0
219	472.0	3.129	36.84200	509.8	25.0
220	474.0	3.119	36.85900	504.3	25.0
221	476.0	3.127	36.87600	499.1	25.0
222	478.0	3.125	36.89300	507.1	25.0
223	480.0	3.116	36.90800	498.5	25.0
224	482.0	3.112	36.92000	386.4	25.0
225	484.0	3.125	36.93600	430.4	25.0
226	486.0	3.120	36.95300	527.6	25.0
227	488.0	3.115	36.97000	504.5	25.0
228	490.0	3.120	36.98700	504.4	25.0
229	492.0	3.096	37.00400	500.2	25.0
230	494.0	3.092	37.01500	417.5	25.0
231	496.0	3.113	37.03100	399.1	25.0
232	498.0	3.111	37.04800	522.1	25.0
233	500.0	3.107	37.06400	497.1	25.0
234	502.0	3.109	37.08100	497.1	25.0
235	504.0	3.098	37.09700	496.4	25.0
236	506.0	3.099	37.11400	491.9	25.0
237	508.0	3.097	37.13000	492.9	25.0
238	510.0	3.099	37.14600	494.0	25.0
239	512.0	3.092	37.16299	492.2	25.0
240	514.0	3.098	37.17900	489.7	25.0
241	516.0	3.092	37.19600	491.3	25.0
242	518.0	3.091	37.21200	488.1	25.0
243	520.0	3.088	37.22500	438.6	25.0
244	522.0	3.088	37.24100	421.5	25.0
245	524.0	3.090	37.25700	496.9	25.0
246	526.0	3.084	37.27299	487.5	25.0
247	528.0	3.084	37.28900	488.6	25.0
248	530.0	3.081	37.30600	485.2	25.0
249	532.0	3.084	37.32200	484.1	25.0
250	534.0	3.076	37.33800	485.7	25.0
251	536.0	3.080	37.35400	483.1	25.0
252	538.0	3.073	37.37000	483.3	25.0
253	540.0	3.077	37.38600	479.9	25.0
254	542.0	3.070	37.40200	477.5	25.0
255	544.0	3.073	37.41800	479.0	25.0
256	546.0	3.071	37.43400	479.0	25.0
257	548.0	3.067	37.45000	486.6	25.0
258	550.0	3.068	37.46600	483.2	25.0
259	552.0	3.067	37.48200	480.3	25.0
260	554.0	3.064	37.49800	474.0	25.0
261	556.0	3.068	37.51400	477.2	25.0
262	558.0	3.058	37.52999	480.1	25.0
263	560.0	3.061	37.54600	479.0	25.0
264	562.0	3.059	37.56200	475.8	25.0
265	564.0	3.059	37.57800	476.7	25.0
266	566.0	3.057	37.59400	476.2	25.0
267	568.0	3.058	37.61000	476.5	25.0
268	570.0	3.054	37.62600	475.9	25.0
269	572.0	3.055	37.64100	474.5	25.0
270	574.0	3.052	37.65700	474.5	25.0
271	576.0	3.052	37.67300	473.7	25.0
272	578.0	3.048	37.68900	475.7	25.0
273	580.0	3.051	37.70500	475.1	25.0
274	582.0	3.043	37.72000	474.9	25.0
275	584.0	3.045	37.73600	471.6	25.0
276	586.0	3.043	37.75200	470.5	25.0
277	588.0	3.044	37.76800	471.9	25.0
278	590.0	3.038	37.78400	473.1	25.0
279	592.0	3.042	37.79900	471.6	25.0
280	594.0	3.039	37.81499	470.7	25.0
281	596.0	3.034	37.83100	471.3	25.0
282	598.0	3.033	37.84600	472.4	25.0
283	600.0	3.035	37.86200	471.1	25.0
284	602.0	3.031	37.87800	469.7	25.0
285	604.0	3.033	37.89400	471.5	25.0
286	606.0	3.030	37.90900	467.8	25.0
287	608.0	3.033	37.92500	471.2	25.0
288	610.0	3.021	37.94099	469.4	25.0
289	612.0	3.028	37.95600	470.0	25.0
290	614.0	3.023	37.97200	470.1	25.0
291	616.0	3.026	37.98800	468.6	25.0
292	618.0	3.027	38.00300	467.9	25.0
293	620.0	3.021	38.01900	468.1	25.0
294	622.0	3.022	38.03400	470.2	25.0
295	624.0	3.017	38.05000	469.4	25.0
296	626.0	3.019	38.06599	469.3	25.0
297	628.0	3.019	38.08100	468.7	25.0
298	630.0	3.020	38.09700	468.2	25.0
299	632.0	3.011	38.11300	469.4	25.0
300	634.0	3.016	38.12800	467.2	25.0
301	636.0	3.013	38.14400	469.4	25.0
302	638.0	3.013	38.15900	467.9	25.0
303	640.0	3.001	38.17500	468.6	25.0
304	642.0	3.009	38.19100	467.6	25.0
305	644.0	3.008	38.20600	470.2	25.0
306	646.0	3.008	38.22200	467.8	25.0
307	648.0	3.006	38.23800	468.0	25.0
308	650.0	3.002	38.25300	466.8	25.0
309	652.0	3.001	38.25900	413.8	25.0
310	654.0	3.005	38.27500	313.8	25.0
311	656.0	3.002	38.29000	467.3	25.0
312	658.0	3.004	38.30600	465.5	25.0
313	660.0	2.996	38.31900	461.9	25.0
314	662.0	3.001	38.32400	332.6	25.0
315	664.0	3.001	38.34000	300.3	25.0
316	666.0	2.998	38.34900	403.5	25.0
317	668.0	3.001	38.35400	311.4	25.0
318	670.0	2.998	38.36700	250.1	25.0
319	672.0	2.998	38.36700	236.3	25.0
320	674.0	3.000	38.37400	176.6	25.0
321	676.0	2.997	38.38600	241.1	25.0
322	678.0	2.997	38.38600	224.2	25.0
323	680.0	2.998	38.38600	209.5	25.0
324	682.0	2.999	38.38600	196.7	25.0
325	684.0	3.000	38.39300	119.3	25.0
326	686.0	2.998	38.39600	102.9	25.0
327	688.0	2.998	38.39600	99.7	25.0
328	690.0	2.998	38.39600	96.7	25.0
329	692.0	2.998	38.39600	93.8	25.0
330	694.0	2.999	38.40000	58.2	25.0
331	696.0	2.997	38.40200	56.7	25.0
332	698.0	2.998	38.40200	55.3	25.0
333	700.0	2.998	38.40200	53.9	25.0
334	702.0	2.999	38.40200	45.4	25.0
335	704.0	2.998	38.40300	39.8	25.0
336	706.0	2.999	38.40300	38.3	25.0
337	708.0	2.998	38.40600	33.9	25.0
338	710.0	2.998	38.40600	33.1	25.0
339	712.0	2.998	38.40600	32.3	25.0
340	714.0	2.998	38.40600	31.5	25.0
341	716.0	2.998	38.40600	20.3	25.0
342	717.4	2.998	38.40600	10.5	25.0
$E
$E
$S DETERM V1
$S Props V1.1
Total_Alkalinity	modified	240815_Anoxic_V2-20240815-135554	2024-08-15 13:55:54+08:00	original	Regular without errors	Luka23609731	8																												
$E
$S Results V1
$S Result 1C.R1 V1
Initial pH	7.4000		0
$E
$S Result 1C.R2 V1
AcidConc	0.0120	mol/L	0
$E
$E
$S Mode 1 V1
$S EP V1
38.4060	2.998		717.4	25.0
$E
$S Cal V1
$E
$E
$S Other Variables V1
$S System V1
1100.0	8	7743	0			0		0
$E
$S Mode 1 V1.1
0.01	0.01202288	38.4060	1079.2	20.0000	7.400	25.0	6.045	25.0	361.8	2.998	25.0				6.956	99.7		342			Regular stop
$E
$S Statistic V1
$E
$S ComVar local V1
$E
$S Titrant V1
$S Titrant1 V1
Hydrochloric Acid	0.01202288	mol/L	0.01	mol/L		2024-07-19 10:37:14
$E
$E
$S Sensor V1
$S Sensor1 V1.1
pH electrode	99.7	6.956	0.00	25.0	(manual)	2024-08-13 09:56:40+08:00	pH Calibration	pat297
$E
$E
$E
$S Calc Vars V1
$S Calc1 V1
$S R1 V1
MIM	7.400	
$E
$S R2 V1
CONC	0.01202288	
$E
$E
$E
$S Messages V1
$E
$E
$S Methodproperties V1
Total_Alkalinity	modified	hug164	2020-10-15 09:18:30+08:00	Luka23609731	2024-06-07 12:33:17+08:00	ver. 4																												
$E
$S Method V1
$S Methodoptions V1.1
off	2	off	Identification 1	Identification 2	on	off	on	10.0	mL	off	0	9999999999	off	30 s	on	Alkalinity method puts out a pclims report to 
card1.  A vba form in excel uses this lims
report to calculate alkalinity. Standardise
HCl titrant against 10ml of Na2CO3 (0.0025M)
and titrate as for samples. Calc. [HCl] mole/L
and enter this value in titrant concn in
pc control / system.	on	off	Card 1		Identification 1	on	on	off	on	on		**************	on
$E
$S 01	SET pH	Set endpoint titration pH
Titrando 1	off	30 s	150 s	20 mL	10 mL/min	10 s	60 s	3.00	optimal	2.000	10.00 mL/min	25.00 킠/min	drift	20 킠/min	10 s	off	optimal	2.000	10.00 mL/min	25.00 킠/min	drift	20 킠/min	10 s	auto	0 s	25.0 캜	2.0 s	100.000 mL	off	maximum	on	1	100.000 mL	1	pH electrode	off	3	Hydrochloric Acid	1	15	on	off	20 킠/min	off	0.0 킠/min	off	20.0000 mL	off	off
$E
$S 02	CALC	Calculation
$S R1
1	Initial pH	MIM	4		0	off	off	24	on	off	Round	off	0.0	9999999999	Display message	
The following variable is used:

EP1= Endpoint volume	
Please consider the information 
in the note under edit result.
$E
$S R2
2	AcidConc	CONC	4	mol/L	1	off	off	24	on	off	Round	off	invalid	invalid	Display message	
The following variable is used:

EP1= Endpoint volume	
Please consider the information 
in the note under edit result.
$E
$E
$S 03	REPORT	Report
$S Reportoptions V1
on each page	off	on
$E
$S Result report
on	on	off	off	on	off	on	on	on	off
$E
$S Curve
1	off	Time	Volume	blue	none	magenta	on	off	88 %	34 %
$E
$E
$E
$E
