$S PC/LIMS V1
$S Devices V1
$S device PC Control V1
P 3.0	S 2213520755
$E
$S device 841 Titrando V1
P 5.841.0014	S 02102
$S ADC1
ADC 3.770.0110	S 08679
$E
$S MSB1
$S 801
S 06255	
$E
$E
$S MSB3
$S 800
S 06203	
$E
$E
$E
$E
$S Sample data V1
240814_Anoxic_V2_8.36		10.0	mL
$E
$S MPL V1
$S Mode 1
1	0.0	5.880	10.00000	0.0	25.0
2	21.3	5.885	10.00100	0.0	25.0
3	22.0	5.885	10.01900	1789.3	25.0
4	24.0	5.871	10.11600	3158.4	25.0
5	26.0	5.845	10.27200	4516.5	25.0
6	28.0	5.817	10.47900	6056.0	25.0
7	30.0	5.667	10.73000	7394.2	25.0
8	32.0	5.656	11.02000	8583.1	25.0
9	34.0	5.629	11.34500	9656.0	25.0
10	36.0	5.559	11.67800	10059.3	25.0
11	38.0	5.388	12.01100	9992.0	25.0
12	40.0	5.447	12.34400	9988.8	25.0
13	42.0	5.282	12.67700	9996.4	25.0
14	44.0	5.288	13.01000	9993.0	25.0
15	46.0	5.306	13.34300	10000.7	25.0
16	48.0	5.241	13.67600	9994.2	25.0
17	50.0	5.227	14.01000	9993.5	25.0
18	52.0	5.144	14.34300	9996.1	25.0
19	54.0	5.171	14.54800	6851.3	25.0
20	56.0	5.183	14.74000	5440.6	25.0
21	58.0	5.208	14.93200	5759.3	25.0
22	60.0	5.192	15.12400	5762.7	25.0
23	62.0	5.186	15.31600	5761.0	25.0
24	64.0	5.161	15.50800	5759.9	25.0
25	66.0	5.148	15.70000	5760.7	25.0
26	68.0	5.122	15.89200	5759.3	25.0
27	70.0	5.078	16.08400	5759.3	25.0
28	72.0	5.021	16.27600	5759.7	25.0
29	74.0	4.980	16.47100	5773.9	25.0
30	76.0	4.896	16.75200	7831.9	25.0
31	78.0	4.825	16.96400	7331.6	25.0
32	80.0	4.819	17.21600	6504.1	25.0
33	82.0	4.659	17.43300	7632.5	25.0
34	84.0	4.638	17.60900	4527.8	25.0
35	86.0	4.564	17.84100	7048.7	25.0
36	88.0	4.509	18.01000	5433.6	25.0
37	90.0	4.396	18.20000	5271.2	25.0
38	92.0	4.445	18.30000	3547.5	25.0
39	94.0	4.412	18.44000	3599.5	25.0
40	96.0	4.367	18.61800	5423.7	25.0
41	98.0	4.245	18.71800	3687.2	25.0
42	100.0	4.313	18.79100	1654.9	25.0
43	102.0	4.321	18.91100	3359.2	25.0
44	104.0	4.260	19.01700	3669.2	25.0
45	106.0	4.102	19.12100	2677.1	25.0
46	108.0	4.175	19.16900	1845.5	25.0
47	110.0	4.177	19.24300	1929.7	25.0
48	112.0	4.158	19.35900	3363.2	25.0
49	114.0	4.098	19.46600	3558.0	25.0
50	116.0	4.061	19.56600	2769.7	25.0
51	118.0	4.033	19.67700	3406.1	25.0
52	120.0	3.996	19.78100	3173.0	25.0
53	122.0	3.908	19.86600	2828.2	25.0
54	124.0	3.991	19.90600	1165.1	25.0
55	126.0	3.931	19.97200	1809.5	25.0
56	148.2	3.958	20.00300	2122.5	25.0
57	150.0	3.933	20.07600	2245.8	25.0
58	152.0	3.835	20.15900	2626.6	25.0
59	154.0	3.849	20.18200	1025.2	25.0
60	156.0	3.844	20.21300	710.6	25.0
61	158.0	3.823	20.26300	1407.5	25.0
62	160.0	3.792	20.33100	2048.6	25.0
63	162.0	3.780	20.38100	1708.0	25.0
64	164.0	3.762	20.43000	1237.6	25.0
65	166.0	3.740	20.49400	1932.4	25.0
66	168.0	3.719	20.55500	1844.6	25.0
67	170.0	3.694	20.59300	1357.4	25.0
68	172.0	3.701	20.62900	883.9	25.0
69	174.0	3.704	20.67000	1330.2	25.0
70	176.0	3.705	20.71400	1155.4	25.0
71	178.0	3.701	20.76900	1690.4	25.0
72	180.0	3.668	20.82300	1649.3	25.0
73	182.0	3.638	20.87500	1561.2	25.0
74	184.0	3.623	20.91800	1400.1	25.0
75	186.0	3.609	20.95900	1116.8	25.0
76	188.0	3.602	21.00600	1435.7	25.0
77	190.0	3.587	21.05100	1372.5	25.0
78	192.0	3.599	21.09600	1343.0	25.0
79	194.0	3.535	21.12900	1142.6	25.0
80	196.0	3.551	21.15100	577.3	25.0
81	198.0	3.562	21.18700	1007.9	25.0
82	200.0	3.518	21.22000	1161.0	25.0
83	202.0	3.530	21.24100	583.3	25.0
84	204.0	3.534	21.27500	956.0	25.0
85	206.0	3.534	21.31400	1199.9	25.0
86	208.0	3.523	21.35300	1158.5	25.0
87	210.0	3.514	21.39000	1117.0	25.0
88	212.0	3.500	21.42700	1100.1	25.0
89	214.0	3.499	21.45700	950.0	25.0
90	216.0	3.471	21.49000	911.0	25.0
91	218.0	3.452	21.50500	750.3	25.0
92	220.0	3.472	21.52000	384.9	25.0
93	222.0	3.482	21.54600	710.8	25.0
94	224.0	3.463	21.58100	1051.3	25.0
95	226.0	3.465	21.60600	810.9	25.0
96	228.0	3.456	21.63800	887.1	25.0
97	230.0	3.450	21.67000	1001.0	25.0
98	232.0	3.435	21.70200	959.9	25.0
99	234.0	3.411	21.73300	919.6	25.0
100	236.0	3.420	21.76300	894.5	25.0
101	238.0	3.413	21.79300	905.1	25.0
102	240.0	3.394	21.82200	886.3	25.0
103	242.0	3.387	21.85100	864.0	25.0
104	244.0	3.390	21.87900	848.2	25.0
105	246.0	3.382	21.90700	839.7	25.0
106	248.0	3.389	21.93500	838.6	25.0
107	250.0	3.381	21.96300	835.5	25.0
108	252.0	3.358	21.99000	814.2	25.0
109	254.0	3.363	22.01600	790.9	25.0
110	256.0	3.355	22.04300	795.2	25.0
111	258.0	3.352	22.06900	770.4	25.0
112	260.0	3.340	22.09400	764.9	25.0
113	262.0	3.338	22.11900	761.8	25.0
114	264.0	3.352	22.14500	765.1	25.0
115	266.0	3.343	22.17000	767.5	25.0
116	268.0	3.327	22.19500	747.6	25.0
117	270.0	3.324	22.22000	732.5	25.0
118	272.0	3.325	22.24400	729.9	25.0
119	274.0	3.319	22.26900	733.1	25.0
120	276.0	3.318	22.29200	715.6	25.0
121	278.0	3.305	22.31600	712.3	25.0
122	280.0	3.299	22.33900	699.0	25.0
123	282.0	3.296	22.36200	688.4	25.0
124	284.0	3.295	22.38500	690.1	25.0
125	286.0	3.278	22.40800	689.0	25.0
126	288.0	3.289	22.43100	665.7	25.0
127	290.0	3.278	22.45300	680.7	25.0
128	292.0	3.285	22.47500	663.0	25.0
129	294.0	3.277	22.49600	660.8	25.0
130	296.0	3.270	22.51400	524.4	25.0
131	298.0	3.266	22.53500	646.3	25.0
132	300.0	3.269	22.55700	651.7	25.0
133	302.0	3.247	22.57700	635.1	25.0
134	304.0	3.261	22.59100	451.7	25.0
135	306.0	3.263	22.61100	544.9	25.0
136	308.0	3.253	22.63200	663.6	25.0
137	310.0	3.250	22.65300	633.1	25.0
138	312.0	3.245	22.67300	600.7	25.0
139	314.0	3.231	22.69400	629.9	25.0
140	316.0	3.240	22.71400	593.9	25.0
141	318.0	3.241	22.73400	600.0	25.0
142	320.0	3.230	22.75500	627.1	25.0
143	322.0	3.233	22.77500	592.9	25.0
144	324.0	3.231	22.79500	600.0	25.0
145	326.0	3.230	22.81500	600.0	25.0
146	328.0	3.224	22.83500	600.0	25.0
147	330.0	3.217	22.85400	569.8	25.0
148	332.0	3.217	22.87400	595.5	25.0
149	334.0	3.214	22.89300	569.2	25.0
150	336.0	3.210	22.91200	595.5	25.0
151	338.0	3.211	22.93200	577.3	25.0
152	340.0	3.199	22.95100	575.5	25.0
153	342.0	3.199	22.97000	569.1	25.0
154	344.0	3.192	22.98800	567.6	25.0
155	346.0	3.190	23.00700	563.0	25.0
156	348.0	3.185	23.02600	557.6	25.0
157	350.0	3.187	23.04400	557.2	25.0
158	352.0	3.184	23.06300	555.3	25.0
159	354.0	3.183	23.08100	552.8	25.0
160	356.0	3.184	23.10000	553.6	25.0
161	358.0	3.179	23.11800	550.8	25.0
162	360.0	3.170	23.13600	542.7	25.0
163	362.0	3.174	23.15400	541.8	25.0
164	364.0	3.167	23.17200	545.3	25.0
165	366.0	3.167	23.19000	540.2	25.0
166	368.0	3.159	23.20800	528.6	25.0
167	370.0	3.157	23.22600	529.7	25.0
168	372.0	3.153	23.24300	528.1	25.0
169	374.0	3.152	23.26100	524.2	25.0
170	376.0	3.147	23.27800	526.7	25.0
171	378.0	3.150	23.29600	520.0	25.0
172	380.0	3.146	23.31300	525.9	25.0
173	382.0	3.136	23.33000	522.0	25.0
174	384.0	3.136	23.34800	515.7	25.0
175	386.0	3.135	23.36500	512.7	25.0
176	388.0	3.136	23.38200	513.1	25.0
177	390.0	3.134	23.39900	513.8	25.0
178	392.0	3.127	23.41600	511.3	25.0
179	394.0	3.124	23.43300	507.0	25.0
180	396.0	3.119	23.45000	506.0	25.0
181	398.0	3.115	23.46700	504.8	25.0
182	400.0	3.107	23.48300	500.0	25.0
183	402.0	3.105	23.50000	494.8	25.0
184	404.0	3.101	23.51600	493.9	25.0
185	406.0	3.098	23.53300	493.3	25.0
186	408.0	3.095	23.54900	492.8	25.0
187	410.0	3.095	23.56500	493.3	25.0
188	412.0	3.094	23.58200	487.4	25.0
189	414.0	3.092	23.59800	490.7	25.0
190	416.0	3.088	23.61400	490.0	25.0
191	418.0	3.086	23.63100	487.4	25.0
192	420.0	3.084	23.64700	487.5	25.0
193	422.0	3.079	23.66300	486.2	25.0
194	424.0	3.077	23.67900	481.6	25.0
195	426.0	3.070	23.69500	483.0	25.0
196	428.0	3.072	23.71100	479.9	25.0
197	430.0	3.069	23.72700	477.5	25.0
198	432.0	3.068	23.74300	479.0	25.0
199	434.0	3.070	23.75900	479.0	25.0
200	436.0	3.068	23.77500	479.0	25.0
201	438.0	3.062	23.79100	479.0	25.0
202	440.0	3.063	23.80700	479.0	25.0
203	442.0	3.062	23.82300	475.8	25.0
204	444.0	3.057	23.83900	476.7	25.0
205	446.0	3.056	23.85500	478.0	25.0
206	448.0	3.054	23.87100	475.3	25.0
207	450.0	3.054	23.88700	475.5	25.0
208	452.0	3.053	23.90200	474.5	25.0
209	454.0	3.050	23.91800	472.4	25.0
210	456.0	3.047	23.93400	474.7	25.0
211	458.0	3.044	23.95000	473.3	25.0
212	460.0	3.043	23.96600	473.2	25.0
213	462.0	3.044	23.98100	473.2	25.0
214	464.0	3.042	23.99700	471.9	25.0
215	466.0	3.040	24.01300	473.0	25.0
216	468.0	3.039	24.02900	472.2	25.0
217	470.0	3.035	24.04400	472.2	25.0
218	472.0	3.034	24.06000	470.8	25.0
219	474.0	3.031	24.07600	470.3	25.0
220	476.0	3.030	24.09100	470.1	25.0
221	478.0	3.029	24.10700	470.2	25.0
222	480.0	3.026	24.12300	469.4	25.0
223	482.0	3.028	24.13800	472.3	25.0
224	484.0	3.025	24.15400	469.2	25.0
225	486.0	3.021	24.17000	468.5	25.0
226	488.0	3.024	24.18500	465.6	25.0
227	490.0	3.020	24.20100	467.1	25.0
228	492.0	3.017	24.21700	470.5	25.0
229	494.0	3.017	24.23200	466.8	25.0
230	496.0	3.015	24.24800	467.7	25.0
231	498.0	3.014	24.26300	469.7	25.0
232	500.0	3.013	24.27900	468.1	25.0
233	502.0	3.011	24.29500	469.2	25.0
234	504.0	3.009	24.31000	465.8	25.0
235	506.0	3.009	24.32600	469.6	25.0
236	508.0	3.004	24.34100	467.9	25.0
237	510.0	3.005	24.35700	468.6	25.0
238	512.0	3.002	24.37000	419.6	25.0
239	514.0	3.000	24.38600	430.3	25.0
240	516.0	3.000	24.40100	481.7	25.0
241	518.0	2.997	24.41400	408.4	25.0
242	520.0	3.001	24.42200	330.3	25.0
243	522.0	2.997	24.43100	309.5	25.0
244	524.0	2.999	24.43700	247.8	25.0
245	526.0	2.998	24.44200	204.6	25.0
246	528.0	2.998	24.44200	192.3	25.0
247	530.0	2.999	24.44200	181.4	25.0
248	532.0	2.999	24.44200	171.7	25.0
249	534.0	2.998	24.44200	117.3	25.0
250	536.0	2.998	24.44200	28.2	25.0
251	537.5	2.998	24.44200	8.4	25.0
$E
$E
$S DETERM V1
$S Props V1.1
Total_Alkalinity	modified	240814_Anoxic_V2-20240814-130424	2024-08-14 13:04:24+08:00	original	Regular without errors	Luka23609731	8																												
$E
$S Results V1
$S Result 1C.R1 V1
Initial pH	6.9826		0
$E
$S Result 1C.R2 V1
AcidConc	0.0120	mol/L	0
$E
$E
$S Mode 1 V1
$S EP V1
24.4420	2.998		537.5	25.0
$E
$S Cal V1
$E
$E
$S Other Variables V1
$S System V1
832.0	8	7729	0			0		0
$E
$S Mode 1 V1.1
0.01	0.01202288	24.4420	818.0	10.0000	6.983	25.0	5.880	25.0	280.4	2.998	25.0				6.956	99.7		251			Regular stop
$E
$S Statistic V1
$E
$S ComVar local V1
$E
$S Titrant V1
$S Titrant1 V1
Hydrochloric Acid	0.01202288	mol/L	0.01	mol/L		2024-07-19 10:37:14
$E
$E
$S Sensor V1
$S Sensor1 V1.1
pH electrode	99.7	6.956	0.00	25.0	(manual)	2024-08-13 09:56:40+08:00	pH Calibration	pat297
$E
$E
$E
$S Calc Vars V1
$S Calc1 V1
$S R1 V1
MIM	6.983	
$E
$S R2 V1
CONC	0.01202288	
$E
$E
$E
$S Messages V1
$E
$E
$S Methodproperties V1
Total_Alkalinity	modified	hug164	2020-10-15 09:18:30+08:00	Luka23609731	2024-06-07 12:33:17+08:00	ver. 4																												
$E
$S Method V1
$S Methodoptions V1.1
off	2	off	Identification 1	Identification 2	on	off	on	10.0	mL	off	0	9999999999	off	30 s	on	Alkalinity method puts out a pclims report to 
card1.  A vba form in excel uses this lims
report to calculate alkalinity. Standardise
HCl titrant against 10ml of Na2CO3 (0.0025M)
and titrate as for samples. Calc. [HCl] mole/L
and enter this value in titrant concn in
pc control / system.	on	off	Card 1		Identification 1	on	on	off	on	on		**************	on
$E
$S 01	SET pH	Set endpoint titration pH
Titrando 1	off	30 s	150 s	10 mL	10 mL/min	10 s	60 s	3.00	optimal	2.000	10.00 mL/min	25.00 킠/min	drift	20 킠/min	10 s	off	optimal	2.000	10.00 mL/min	25.00 킠/min	drift	20 킠/min	10 s	auto	0 s	25.0 캜	2.0 s	100.000 mL	off	maximum	on	1	100.000 mL	1	pH electrode	off	3	Hydrochloric Acid	1	15	on	off	20 킠/min	off	0.0 킠/min	off	20.0000 mL	off	off
$E
$S 02	CALC	Calculation
$S R1
1	Initial pH	MIM	4		0	off	off	24	on	off	Round	off	0.0	9999999999	Display message	
The following variable is used:

EP1= Endpoint volume	
Please consider the information 
in the note under edit result.
$E
$S R2
2	AcidConc	CONC	4	mol/L	1	off	off	24	on	off	Round	off	invalid	invalid	Display message	
The following variable is used:

EP1= Endpoint volume	
Please consider the information 
in the note under edit result.
$E
$E
$S 03	REPORT	Report
$S Reportoptions V1
on each page	off	on
$E
$S Result report
on	on	off	off	on	off	on	on	on	off
$E
$S Curve
1	off	Time	Volume	blue	none	magenta	on	off	88 %	34 %
$E
$E
$E
$E
